 2.19791563e+05 3.00000000e+00 8.00000000e+00 3.22232282e+04 5.41498533e+05
 2.19548117e+05 6.40000000e+01 6.90000000e+01 3.20586343e+04 5.41498533e+05
 2.13575689e+05 1.00000000e+00 2.00000000e+00 2.55756650e+04 2.55756650e+04
 2.13575689e+05 1.00000000e+00 2.00000000e+00 2.55756650e+04 2.55756650e+04
 2.19004592e+05 3.00000000e+00 8.00000000e+00 3.15817820e+04 5.41498533e+05
 2.18860988e+05 5.80000000e+01 6.30000000e+01 3.14205899e+04 5.41498533e+05
 2.13575689e+05 1.00000000e+00 2.00000000e+00 2.55756650e+04 2.55756650e+04
 2.13575689e+05 1.00000000e+00 2.00000000e+00 2.55756650e+04 2.55756650e+04
 2.63664654e+05 9.00000000e+00 1.40000000e+01 8.01884766e+04 5.41498533e+05
 2.62892625e+05 8.70000000e+01 9.20000000e+01 7.95043308e+04 5.41498533e+05
 2.13575689e+05 1.00000000e+00 2.00000000e+00 2.55756650e+04 2.55756650e+04
 2.13575689e+05 1.00000000e+00 2.00000000e+00 2.55756650e+04 2.55756650e+04
 2.21065147e+05 2.00000000e+00 7.00000000e+00 3.32128457e+04 5.41498533e+05
 2.20558283e+05 8.90000000e+01 9.40000000e+01 3.30752959e+04 5.41498533e+05
 2.13575689e+05 1.00000000e+00 2.00000000e+00 2.55756650e+04 2.55756650e+04
 2.13575689e+05 1.00000000e+00 2.00000000e+00 2.55756650e+04 2.55756650e+04
 2.21003449e+05 2.00000000e+00 7.00000000e+00 3.31738588e+04 5.41498533e+05
 2.20824419e+05 7.90000000e+01 8.40000000e+01 3.30858199e+04 5.41498533e+05
 2.13575689e+05 1.00000000e+00 2.00000000e+00 2.55756650e+04 2.55756650e+04
 2.13575689e+05 1.00000000e+00 2.00000000e+00 2.55756650e+04 2.55756650e+04
 2.66235495e+05 2.00000000e+00 7.00000000e+00 8.27402865e+04 5.41498533e+05
 2.66233654e+05 2.40000000e+01 2.90000000e+01 8.27392260e+04 5.41498533e+05
 2.13575689e+05 1.00000000e+00 2.00000000e+00 2.55756650e+04 2.55756650e+04
 2.13575689e+05 1.00000000e+00 2.00000000e+00 2.55756650e+04 2.55756650e+04
