# Created by Octave 5.2.0, Thu Sep 03 22:56:09 2020 CEST <tkanas@tkanas>
# name: solutions
# type: cell
# rows: 1
# columns: 12
# name: <cell-element>
# type: matrix
# rows: 1
# columns: 201
 -1198.762247929501 -1210.0196459856363 -1328.0264573479215 -1409.5166626403363 -1545.5271935800856 -1584.1494999682438 -1672.3820296664314 -1760.7100919353068 -1848.0845420942173 -1933.5439329243352 -2016.2495836518074 -2095.5070482694641 -2170.7751571364056 -2241.664422597275 -2307.9271701036455 -2369.4420025909403 -2426.195075188728 -2478.2602567815034 -2440.8675006619751 -2567.5749793503005 -2606.7490554284336 -2642.0370058969497 -2673.6968993949154 -2701.9880931670791 -2727.1641965767267 -2749.4677242629814 -2775.814342259298 -2796.108157170479 -2812.6582055975227 -2827.3841667403462 -2840.4733542592198 -2852.0970297651484 -2862.4110101530846 -2871.5564675086011 -2879.6608477353298 -2886.8388516223708 -2893.1934363917489 -2898.8168072424469 -2903.7913774594017 -2908.1906826883355 -2912.0802403559719 -2915.5183492617143 -2918.5568273526242 -2921.2416878480994 -2923.6137553885919 -2925.7092248961826 -2927.5601664748542 -2929.1949800381726 -2930.6388035087998 -2931.913878443946 -2933.0398768481759 -2934.0341927738145 -2934.9122021048056 -2935.6874936899812 -2936.3720747518551 -2936.9765532543061 -2937.5102996764863 -2937.9815904130696 -2938.3977348070921 -2938.765187621932 -2939.0896485742228 -2939.376150380358 -2939.629136614762 -2939.852530537933 -2940.0497959258141 -2940.2239908180022 -2940.3778149999616 -2940.5136519429011 -2940.6336058428928 -2940.7395343280882 -2940.833077337531 -2940.9156826172161 -2940.9886282282278 -2941.0530424150761 -2941.1099211430974 -3039.2007988945861 -2941.2058708510876 -2941.2448553284735 -2941.279267846166 -2941.3096396132564 -2941.3364393145289 -2941.3600803826193 -2941.3809274108212 -2941.3993018065526 -2941.4154867734496 -2941.4297316998482 -2941.442256022101 -2941.4532526226167 -2941.4628908160762 -2941.4713189697818 -2941.4786667993058 -2941.4850473751703 -2941.4905588715583 -2941.4952860843941 -2941.4993017426682 -2941.5026676328516 -2941.5054355545867 -2941.5076481218703 -2941.5093394226951 -2941.5105355472483 -2941.5112549928067 -2941.5115089519113 -2941.5113014880931 -2941.5106296022027 -2941.5094831901888 -2941.507844891933 -2941.5056898289276 -2941.5029852266002 -2941.4996899158846 -2941.4957537062005 -2941.4911166203647 -2941.4857079798371 -2941.4794453262207 -2941.4722331625412 -2941.463961495137 -2941.4545041537931 -2941.4437168644258 -2941.4314350447489 -2941.4174712893396 -2941.4016125053549 -2941.3836166552824 -2941.3632090565116 -2941.3400781813093 -2941.3138708925617 -2941.2841870424404 -2941.2505733510225 -2941.2125164709582 -2941.1694351318592 -2941.1206712438079 -2941.0654798233431 -2941.0030175873512 -2940.9323300396245 -2940.8523368516931 -2940.7618153132994 -2940.6593815981323 -2940.5434695568042 -2940.4123067108462 -2940.2638870785436 -2940.0959404142864 -2939.9058973880769 -2939.6908501689381 -2939.4475078051364 -2939.172145713716 -2938.8605485008438 -2938.5079452312634 -2938.1089361486265 -2937.6574097159264 -2937.1464486955465 -2936.5682238188206 -2935.9138734025523 -2935.173367052274 -2934.3353513451234 -2933.3869751058573 -2932.3136915725036 -2931.0990343895132 -2929.7243639593516 -2928.1685802228899 -2926.4077974166062 -2924.4149757628179 -2922.159504378742 -2919.6067289296379 -2916.7174166904169 -2913.4471507029675 -2909.7456436102243 -2905.5559604928694 -2900.8136386124947 -2895.4456903525129 -2889.3694738198374 -2882.4914134977066 -2874.7055509897518 -2865.891903230176 -2855.9146025128434 -2844.6197892646856 -2831.833224601502 -2817.3575852954373 -2800.9693987825763 -2782.4155701659083 -2761.4094467338209 -2737.6263582128104 -2710.6985626895039 -2680.2095187375835 -2645.6873936194397 -2606.5977053281799 -2562.3349824986831 -2512.2133106247265 -2455.4556153212434 -2391.1815132806705 -2318.3935387641718 -2235.961527573646 -2142.6049110481431 -2036.8726392460337 -1917.1204145960212 -1781.4848744874196 -1627.8543139541359 -1453.8354941706875 -1256.7160834841638 -1033.4226119838131 -780.47630935322354 -493.9653743672875 -169.95927490268434 0



# name: <cell-element>
# type: matrix
# rows: 1
# columns: 201
 -230.84684928877095 -211.03437409775901 -211.03381703082019 -204.77308519028713 -205.99242648473938 -194.66830383654309 -190.65401177677785 -187.11013825826333 -183.95174604143799 -181.11306801274492 -178.54288051333515 -176.20097057981411 -174.05546121468154 -172.08079925880767 -170.25624873134123 -168.56476587211739 -166.99216000511728 -165.52646698636778 -158.70663021427885 -162.91776783834817 -161.71435967836558 -160.58466534182136 -159.52270042284269 -158.52313433914244 -157.58119185137178 -156.69257418262981 -155.8533950222814 -155.06012795357734 -154.30956275155714 -153.59876865343989 -152.92506317889178 -152.28598542317434 -151.67927299891991 -151.1028419882993 -150.55476940540225 -150.03327777202796 -149.53672148830094 -149.06357473938124 -148.61242072580612 -148.18194204129972 -147.77091205059068 -147.37818714277753 -147.00269975447728 -146.64345207219145 -146.29951033597723 -145.96999967698574 -145.65409943025432 -145.35103887160682 -145.06009333383867 -144.78058066280803 -144.51185797869931 -144.2533187117742 -144.00438988539082 -143.76452962213813 -143.53322485154692 -143.3099892001853 -143.09436104698435 -142.88590172840114 -142.68419387964278 -142.48883989954186 -142.29946052793957 -142.11569352549472 -141.93719244685016 -141.76362549892696 -141.59467447691605 -141.43003377120104 -141.26940943910645 -141.11251833587073 -140.9590872997893 -140.80885238688614 -140.66155815089158 -140.51695696465558 -140.37480837947263 -140.23487851905821 -140.09693950520156 -144.6238206952244 -139.82168607948594 -139.68844526859613 -139.55632633997806 -139.4251238288808 -139.29463533438889 -139.16466110150282 -139.03500361799132 -138.90546722454496 -138.77585773685072 -138.64598207829351 -138.51564792208694 -138.38466334169036 -138.25283646844343 -138.11997515540725 -137.98588664646624 -137.85037724976718 -137.7132520146458 -137.57431441120937 -137.43336601179121 -137.29020617350955 -137.1446317212133 -136.99643663010085 -136.84541170733024 -136.69134427195226 -136.53401783252596 -136.3732117617698 -136.20870096763193 -136.04025556016401 -135.86764051358557 -135.69061532294793 -135.50893365477978 -135.3223429911458 -135.13058426648908 -134.93339149668603 -134.7304913996997 -134.5216030072288 -134.3064372667404 -134.08469663327341 -133.85607465037853 -133.62025551956651 -133.37691365761276 -133.12571324106088 -132.86630773725238 -132.59833942119826 -132.32143887758326 -132.0352244871915 -131.73930189700852 -131.43326347324685 -131.1166877365165 -130.78913877834034 -130.45016565819262 -130.09930178021708 -129.73606424874745 -129.35995320174243 -128.97045112119861 -128.56702211959694 -128.14911120139411 -127.71614349854592 -127.26752347901324 -126.80263412717463 -126.32083609502436 -125.82146682301 -125.30383962931823 -124.7672427663872 -124.21093844337538 -123.63416181328756 -123.03611992340964 -122.41599062766518 -121.77292145946696 -121.10602846358955 -120.41439498554476 -119.69707041690884 -118.95306889499099 -118.1813679552029 -117.38090713443883 -116.55058652373822 -115.68926526845813 -114.79576001415046 -113.86884329629328 -112.90724187200152 -111.90963499180224 -110.87465260953465 -109.80087352841424 -108.68682348126703 -107.53097314292847 -106.33173607277077 -105.08746658529626 -103.79645754668681 -102.45693809512571 -101.0670712825877 -99.624951635575115 -98.128602631932281 -96.57597409028466 -94.964939467703431 -93.293293059668954 -91.558747093980386 -89.758928706411496 -87.891376779881796 -85.953538619475935 -83.942766420948928 -81.856313467558863 -79.691329954750287 -77.444858287635512 -75.1138276119772 -72.6950472095034 -70.18519818832641 -67.580822591264592 -64.878308571021392 -62.073869552386583 -59.163514181051518 -56.14300213606041 -53.007778235372911 -49.752873195345899 -46.372753152949507 -42.861090453315015 -39.210413446057075 -35.411570358565825 -31.452907478463342 -27.319008360168073 -22.988758555503448 -18.432374068629802 -13.606837714696189 -8.4488895102173203 -2.8693632290619386 0



# name: <cell-element>
# type: matrix
# rows: 1
# columns: 401
 -560.73845601911808 -638.02379191038744 -575.34770590486789 -634.67194008077217 -654.06048961438103 -673.96596773353872 -694.35027781825886 -715.16638482208009 -736.35998349558827 -809.16721008450645 -781.09408501365454 -803.05541495459397 -825.1306629386504 -847.25136672778149 -869.34987165614814 -891.36022027915442 -913.21892368581598 -934.86561840839852 -956.24361209525966 -977.30032082907974 -997.98760133864869 -1018.2619823131514 -1038.0848003885023 -1057.4222478809556 -1076.2453407495368 -1094.5298163868677 -1112.2559715532038 -1129.4084510440741 -1145.9759975373554 -1161.951172566299 -1177.3300577927098 -1192.111944798231 -1206.2990205536919 -1219.8960546350331 -1232.9100931836551 -1245.3501635978391 -1257.2269930154566 -1183.6405076465251 -1278.6379770219444 -1288.9370023283693 -1298.7266280386802 -1308.022427389755 -1316.8403651675035 -1325.1966407294497 -1333.1075479913131 -1340.5893514035949 -1347.6581768473095 -1354.3299163197707 -1360.6201452550401 -1366.5440513216838 -1372.1163735554469 -1377.3513507075263 -1384.5918062752557 -1391.2225359840434 -1395.8635530528934 -1400.2446041175915 -1404.3789335126983 -1408.2792720848206 -1411.9578362555135 -1415.4263304848469 -1418.6959526168739 -1421.777401642353 -1424.6808874645071 -1427.4161423006328 -1429.9924333949746 -1432.4185767581121 -1434.7029516835435 -1436.8535158250577 -1438.8778206472286 -1440.7830270880975 -1442.5759212963092 -1444.2629303260592 -1445.850137691692 -1447.3432987000585 -1448.7478554935296 -1450.0689517489147 -1451.3114469887098 -1452.4799304706896 -1453.5787346303928 -1454.6119480579373 -1455.5834279969881 -1456.4968123589831 -1457.3555312500159 -1458.162818011692 -1458.921719780443 -1459.6351075721773 -1460.3056859015314 -1460.9360019465728 -1461.528454271031 -1462.08530111756 -1462.6086682858479 -1463.1005566103386 -1463.56284905244 -1463.9973174224237 -1464.4056287461717 -1464.7893512920098 -1465.1499602725353 -1465.4888432362598 -1465.8073051634715 -1466.106573280475 -1466.387801605887 -1466.6520752422882 -1466.9004144260521 -1467.1337783477684 -1467.3530687551231 -1467.559133349683 -1467.7527689885642 -1467.9347247014186 -1468.1057045327327 -1468.2663702191139 -1468.4173437104648 -1468.5592095438424 -1468.6925170782822 -1468.8177825982002 -1468.9354912930398 -1469.0460991200289 -1469.150034556817 -1469.2477002502856 -1469.3394745674873 -1469.4257130544445 -1469.506749808038 -1469.5828987661869 -1469.6544549209857 -1469.7216954593744 -1469.784880835557 -1469.8442557792052 -1469.9000502432241 -1469.9524802947069 -1470.0017489523277 -1470.0480469734885 -1470.0915535941101 -1470.1324372238967 -1470.1708560998206 -1470.2069589001428 -1470.2408853215454 -1470.2727666213577 -1470.302726127177 -1470.3308797157113 -1470.3573362626391 -1470.3821980654573 -1470.4055612406357 -1470.4275160968855 -1470.4481474858148 -1470.4675351314004 -1470.4857539395048 -1470.5028742887268 -1470.518962303636 -1470.5340801114367 -1470.5482860831087 -1470.5616350599835 -1568.6140738674587 -1470.5867250271322 -1470.5977539939392 -1470.6081168571395 -1470.6178535887898 -1470.6270017396967 -1470.6355965850373 -1470.6436712611242 -1470.6512568938695 -1470.6583827193854 -1470.665076197311 -1470.6713631172206 -1470.6772676984838 -1470.6828126841385 -1470.688019428901 -1470.6929079819197 -1470.6974971643442 -1470.7018046422083 -1470.7058469947578 -1470.7096397786815 -1470.7131975882121 -1470.7165341116392 -1470.7196621842295 -1470.7225938378651 -1470.725340347562 -1470.7279122750615 -1470.7303195096599 -1470.7325713064185 -1470.7346763219487 -1470.736642647825 -1470.7384778418921 -1470.7401889574135 -1470.7417825703719 -1470.7432648048098 -1470.7446413565215 -1470.7459175150341 -1470.7470981840522 -1470.7481879003547 -1470.7491908513659 -1470.7501108912943 -1470.7509515560371 -1470.7517160768266 -1470.7524073926947 -1470.7530281618949 -1470.753580772116 -1470.7540673497449 -1470.754489768088 -1470.7548496546103 -1470.7551483972907 -1470.755387149957 -1470.7555668368084 -1470.7556881559958 -1470.7557515824126 -1470.7557573694974 -1470.755705550321 -1470.7555959377742 -1470.7554281238843 -1470.7552014783269 -1470.7549151460612 -1470.7545680441303 -1470.7541588575571 -1470.7536860343835 -1470.7531477797568 -1470.7525420491693 -1470.751866540631 -1470.7511186859676 -1470.7502956410297 -1470.7493942748611 -1470.7484111578005 -1470.7473425483979 -1470.7461843791903 -1470.7449322411717 -1470.7435813670027 -1470.7421266128417 -1470.7405624387341 -1470.73888288749 -1470.737081561944 -1470.7351516005976 -1470.7330856513979 -1470.73087584374 -1470.7285137583965 -1470.7259903954089 -1470.723296139761 -1470.7204207246648 -1470.7173531923775 -1470.7140818523756 -1470.71059423675 -1470.7068770525821 -1470.7029161312128 -1470.6986963741417 -1470.6942016953524 -1470.6894149599291 -1470.6843179185719 -1470.6788911379417 -1470.6731139263813 -1470.6669642549259 -1470.660418673119 -1470.6534522194354 -1470.6460383258909 -1470.6381487165502 -1470.6297532994379 -1470.62082005158 -1470.6113148965819 -1470.6012015743725 -1470.5904415026268 -1470.5789936292317 -1470.5668142753605 -1470.5538569684456 -1470.5400722644665 -1470.5254075588769 -1470.509806885397 -1470.4932107019558 -1470.4755556629091 -1470.4567743767109 -1470.4367951480788 -1470.4155417036191 -1470.3929328999841 -1470.3688824133174 -1470.3432984088354 -1470.3160831893003 -1470.2871328209969 -1470.2563367358116 -1470.2235773078503 -1470.1887294029998 -1470.1516598996636 -1470.1122271788777 -1470.0702805817962 -1470.0256598324909 -1469.9781944238609 -1469.9277029642192 -1469.8739924821409 -1469.8168576868018 -1469.7560801810484 -1469.6914276240886 -1469.6226528406423 -1469.5494928730818 -1469.471667972944 -1469.3888805279007 -1469.3008139200585 -1469.2071313112053 -1469.1074743503157 -1469.0014617983106 -1468.8886880647956 -1468.7687216511285 -1468.6411034937969 -1468.5053452017455 -1468.3609271808014 -1468.2072966380158 -1468.0438654581897 -1467.8700079443634 -1467.6850584135884 -1467.488308638686 -1467.2790051260495 -1467.056346219081 -1466.819479015961 -1466.567496089898 -1466.2994319991549 -1466.0142595733516 -1465.7108859616917 -1465.3881484278193 -1465.0448098749969 -1464.6795540843543 -1464.2909806476746 -1463.877599575216 -1463.4378255575061 -1462.9699718590955 -1462.4722438203767 -1461.9427319424499 -1461.3794045281361 -1460.7800998506054 -1460.1425178192412 -1459.4642111104001 -1458.7425757286464 -1457.9748409617691 -1457.1580586906496 -1456.2890920123191 -1455.36460313217 -1454.3810404780545 -1453.334624986353 -1452.2213355065173 -1451.0368932674353 -1449.7767453450631 -1448.4360470669942 -1447.0096432855219 -1445.4920484461097 -1443.8774253737274 -1442.1595626943224 -1440.3318508033808 -1438.3872562878926 -1436.318294701862 -1434.1170015892319 -1431.7749016409437 -1429.2829758658379 -1426.6316266470067 -1423.8106405471601 -1420.8091487175238 -1417.6155847554717 -1414.2176398460256 -1410.6022150117064 -1406.755370283734 -1402.6622705955974 -1398.3071281869825 -1393.6731412923104 -1388.742428873599 -1383.4959611415377 -1377.9134855922835 -1371.9734482696049 -1365.6529099432071 -1358.9274568739859 -1351.7711058155205 -1344.1562028783467 -1336.0533158592395 -1327.4311196118624 -1318.2562740075782 -1308.4932940058484 -1298.1044113223325 -1287.0494271495268 -1275.2855553491572 -1262.7672554978103 -1249.4460551269144 -1235.2703604551991 -1220.185254866044 -1204.1322843333223 -1187.0492289473477 -1168.8698596372453 -1149.5236791269265 -1128.935646099085 -1107.0258814745614 -1083.7093556430571 -1058.8955554050865 -1032.4881293041474 -1004.3845099418859 -974.47551177773391 -942.64490281828819 -908.76894850197141 -872.71592598544737 -834.34560695066887 -793.50870700346627 -750.04629979764957 -703.78919437303853 -654.55727529658247 -602.1588081875808 -546.38972097317151 -487.03289101064189 -423.85751827685249 -356.61879107637128 -285.05836868386604 -208.90700568342143 -127.89265684763124 -42.066618055053105 0



# name: <cell-element>
# type: matrix
# rows: 1
# columns: 401
 -110.98242570202989 -119.86442358674101 -102.8196336147589 -108.21474048300038 -106.36539345341227 -104.66842357740803 -103.10697040538253 -101.66611478490485 -100.33269868321227 -105.65972780152629 -97.869297628722066 -96.799006207820355 -95.797138639435971 -94.856873137342006 -93.972220289721221 -93.137917968541998 -92.349338572645266 -91.60240746879289 -90.893531503575829 -90.219536509169203 -89.577612797262319 -88.965267716072063 -88.380284428514386 -87.820686151300166 -87.284705172902719 -86.770756041778398 -86.277412384306402 -85.80338687450147 -85.347513934548445 -84.908734796792942 -84.486084604216927 -84.078681267900834 -83.685715836856673 -83.30644416826064 -82.940179714854054 -82.586287271513797 -82.244177544990507 -76.46245266928878 -81.614171112107257 -81.303596726240883 -81.002850046654103 -80.711509631711778 -80.429179313342118 -80.155486028478364 -79.890077898671748 -79.632622524170642 -79.382805463710952 -79.140328875431322 -78.904910297922967 -78.676281553448717 -78.454187757952511 -78.238386424677344 -78.028646650066008 -77.824748372215367 -77.626481693493986 -77.433646260082824 -77.246050692172147 -77.063512059384493 -76.885855396696812 -76.712913256742922 -76.544525294899259 -76.380537883992574 -76.220803755860629 -76.065181667313908 -75.913536088332876 -75.765736910587435 -75.621659174557976 -75.481182813741725 -75.34419241457266 -75.210576990829892 -75.080229771428407 -74.953048000598713 -74.828932749542915 -74.707788738757785 -74.58952417027082 -74.47405056911002 -74.361282633387091 -74.251138092418685 -74.143537572370619 -74.038404468929699 -73.935664826573515 -73.83524722401728 -73.737082665465536 -73.641104477312297 -73.547248209967719 -73.455451544509245 -73.36565420387177 -73.277797868319368 -73.191826094952376 -73.107684241024756 -73.025319390854392 -72.944680286131344 -72.865717259440203 -72.788382170814074 -72.712628347165946 -72.638410524440715 -72.565684792341031 -72.494408541498075 -72.424540412956205 -72.356040249852015 -72.2888690511775 -72.222988927521683 -72.158363058686021 -72.09495565308751 -72.032731908855212 -71.971657976535468 -71.911700923333171 -71.852828698805524 -71.795010101948947 -71.73821474959766 -71.682413046085159 -71.627576154099899 -71.573675966681535 -71.520685080302826 -71.468576768987063 -71.417324959414529 -71.366904206967575 -71.317289672675329 -71.268457101014263 -71.220382798527496 -71.173043613222944 -71.126416914716572 -71.08048057508617 -71.035212950408422 -70.990592862937987 -70.946599583912032 -70.903212816943977 -70.860412681983362 -70.818179699819723 -70.776494777096403 -70.735339191826185 -70.694694579375167 -70.654542918897988 -70.614866520208139 -70.575648011057226 -70.536870324813222 -70.498516688512339 -70.460570611277348 -70.423015873074888 -70.385836513811483 -70.349016822736644 -70.312541328154822 -70.276394787424096 -70.240562177231581 -70.205028684131719 -70.169779695341148 -70.134800789770054 -70.100077729288358 -70.065596450209952 -70.031343054991481 -74.662604729747571 -69.961215965477436 -69.927576377318644 -69.89410970216673 -69.860802763606017 -69.827642504989669 -69.794615982374282 -69.761710357603675 -69.728912891527983 -69.696210937352504 -69.66359193411472 -69.631043400274109 -69.598552927420457 -69.566108174082544 -69.533696859643612 -69.501306758347681 -69.468925693399015 -69.436541531146233 -69.404142175345896 -69.371715561504686 -69.339249651288981 -69.306732427004349 -69.274151886136579 -69.24149603595032 -69.208752888142897 -69.175910453547786 -69.14295673688585 -69.109879731557413 -69.076667414475068 -69.043307740931951 -69.009788639501267 -68.976098006964889 -68.942223703268837 -68.908153546498312 -68.873875307875423 -68.839376706769642 -68.804645405723477 -68.769669005486165 -68.734435040057534 -68.698930971733887 -68.663144186155392 -68.627061987354011 -68.590671592795914 -68.553960128417373 -68.516914623652369 -68.479522006448533 -68.441769098266107 -68.403642609063965 -68.365129132263149 -68.326215139689424 -68.286886976491672 -68.247130856034403 -68.206932854758193 -68.166278907011616 -68.125154799848005 -68.083546167784235 -68.04143848752453 -67.998817072639156 -67.955667068202615 -67.911973445383424 -67.867720995989245 -67.822894326958391 -67.777477854800267 -67.731455799980054 -67.684812181246471 -67.637530809899644 -67.589595283996545 -67.54098898249255 -67.491695059315262 -67.441696437370737 -67.390975802476603 -67.33951559722297 -67.287298014753731 -67.234304992474762 -67.180518205674517 -67.125919061066 -67.07048869024041 -67.014207943032815 -66.95705738079603 -66.899017269582401 -66.840067573227898 -66.780187946338629 -66.719357727176032 -66.657555930436956 -66.594761239928147 -66.53095200113259 -66.466106213661234 -66.400201523591576 -66.333215215689364 -66.265124205509011 -66.1959050313707 -66.125533846212548 -66.053986409312429 -65.981238077879212 -65.907263798508225 -65.832038098500078 -65.755535077035802 -65.677728396211108 -65.598591271921066 -65.518096464595487 -65.436216269780033 -65.352922508560212 -65.2681865178251 -65.181979140367673 -65.094270714816886 -65.005031065400004 -64.914229491530634 -64.821834757216948 -64.72781508029118 -64.632138121451518 -64.534770973115911 -64.435680148082866 -64.334831567994996 -64.232190551602102 -64.127721802818911 -64.021389398575209 -63.913156776450776 -63.802986722095035 -63.690841356423427 -63.576682122589652 -63.460469772725844 -63.34216435444857 -63.221725197125743 -63.099110897898569 -62.974279307455944 -62.847187515553919 -62.717791836277847 -62.586047793040372 -62.451910103311668 -62.315332663075623 -62.176268531007409 -62.034669912368024 -61.890488142608433 -61.743673670679286 -61.594176042041155 -61.441943881368424 -61.286924874941683 -61.129065752723548 -60.96831227011036 -60.804609189356796 -60.63790026066377 -60.468128202925747 -60.295234684132012 -60.119160301412712 -59.939844560726698 -59.757225856182053 -59.571241448984566 -59.381827446006319 -59.188918777969114 -58.992449177233702 -58.792351155191525 -58.588555979247374 -58.380993649391172 -58.169592874346954 -57.954281047295787 -57.734984221162378 -57.511627083460731 -57.28413293068958 -57.052423642270483 -56.816419654022638 -56.576039931164537 -56.331201940836976 -56.081821624137952 -55.827813367664106 -55.56908997454812 -55.305562634986515 -55.037140896249575 -54.763732632164682 -54.485244012065657 -54.201579469201377 -53.912641668593231 -53.618331474335214 -53.318547916328811 -53.013188156441991 -52.702147454087537 -52.385319131208796 -52.062594536667191 -51.733863010019526 -51.399011844678832 -51.057926250446862 -50.710489315408651 -50.356581967179068 -49.996082933487102 -49.628868702087985 -49.254813479985067 -48.873789151947229 -48.485665238302232 -48.090308851982392 -47.687584654797845 -47.277354812905514 -46.859478951436095 -46.43381410823298 -46.000214686649045 -45.558532407331413 -45.108616258912051 -44.650312447499466 -44.183464344846946 -43.70791243503492 -43.223494259476382 -42.730044359999631 -42.227394219707826 -41.715372201241109 -41.193803481975856 -40.662509985582979 -40.121310309228349 -39.570019645521946 -39.008449698109118 -38.436408589526444 -37.853700759614327 -37.260126852362788 -36.655483588556486 -36.039563620946915 -35.412155367893398 -34.773042820433027 -34.122005316528337 -33.458817274736191 -32.783247877673972 -32.095060693347364 -31.394013219532958 -30.679856332853614 -29.952333619774041 -29.211180561277462 -28.456123536206821 -27.686878599853582 -26.903149983962376 -26.104628251410521 -25.290988022820269 -24.461885172525626 -23.616953366730446 -22.755799786219058 -21.877999838208041 -20.983090615106981 -20.070562799925273 -19.139850646131809 -18.190319570621945 -17.221250787943863 -16.231822276975642 -15.22108520148768 -14.187934695622859 -13.131073664545216 -12.048967927287336 -10.939790628216114 -9.8013533470087655 -8.6310207216210326 -7.4256046359752572 -6.1812330787209389 -4.8931876077021919 -3.5557019025151275 -2.1617120875906184 -0.70765114147131991 0



# name: <cell-element>
# type: matrix
# rows: 1
# columns: 301
 -560.73845601911808 -638.02379191038744 -575.34770590486789 -634.67194008077217 -654.06048961438103 -673.96596773353872 -694.35027781825886 -715.16638482208009 -736.35998349558827 -809.16721008450645 -781.09408501365454 -803.05541495459397 -825.1306629386504 -847.25136672778149 -869.34987165614814 -891.36022027915442 -913.21892368581598 -934.86561840839852 -956.24361209525966 -977.30032082907974 -997.98760133864869 -1018.2619823131514 -1038.0848003885023 -1057.4222478809556 -1076.2453407495368 -1094.5298163868677 -1112.2559715532038 -1129.4084510440741 -1145.9759975373554 -1161.951172566299 -1177.3300577927098 -1192.111944798231 -1206.2990205536919 -1219.8960546350331 -1232.9100931836551 -1245.3501635978391 -1257.2269930154566 -1183.6405076465251 -1278.6379770219444 -1288.9370023283693 -1298.7266280386802 -1308.022427389755 -1316.8403651675035 -1325.1966407294497 -1333.1075479913131 -1340.5893514035949 -1347.6581768473095 -1354.3299163197707 -1360.6201452550401 -1366.5440513216838 -1372.1163735554469 -1377.3513507075263 -1384.5918062752557 -1391.2225359840434 -1395.8635530528934 -1400.2446041175915 -1404.3789335126983 -1408.2792720848206 -1411.9578362555135 -1415.4263304848469 -1418.6959526168739 -1421.777401642353 -1424.6808874645071 -1427.4161423006328 -1429.9924333949746 -1432.4185767581121 -1434.7029516835435 -1436.8535158250577 -1438.8778206472286 -1440.7830270880975 -1442.5759212963092 -1444.2629303260592 -1445.850137691692 -1447.3432987000585 -1448.7478554935296 -1450.0689517489147 -1451.3114469887098 -1452.4799304706896 -1453.5787346303928 -1454.6119480579373 -1455.5834279969881 -1456.4968123589831 -1457.3555312500159 -1458.162818011692 -1458.921719780443 -1459.6351075721773 -1460.3056859015314 -1460.9360019465728 -1461.528454271031 -1462.08530111756 -1462.6086682858479 -1463.1005566103386 -1463.56284905244 -1463.9973174224237 -1464.4056287461717 -1464.7893512920098 -1465.1499602725353 -1465.4888432362598 -1465.8073051634715 -1466.106573280475 -2933.0398768481759 -2934.0341927738145 -2934.9122021048056 -2935.6874936899812 -2936.3720747518551 -2936.9765532543061 -2937.5102996764863 -2937.9815904130696 -2938.3977348070921 -2938.765187621932 -2939.0896485742228 -2939.376150380358 -2939.629136614762 -2939.852530537933 -2940.0497959258141 -2940.2239908180022 -2940.3778149999616 -2940.5136519429011 -2940.6336058428928 -2940.7395343280882 -2940.833077337531 -2940.9156826172161 -2940.9886282282278 -2941.0530424150761 -2941.1099211430974 -3039.2007988945861 -2941.2058708510876 -2941.2448553284735 -2941.279267846166 -2941.3096396132564 -2941.3364393145289 -2941.3600803826193 -2941.3809274108212 -2941.3993018065526 -2941.4154867734496 -2941.4297316998482 -2941.442256022101 -2941.4532526226167 -2941.4628908160762 -2941.4713189697818 -2941.4786667993058 -2941.4850473751703 -2941.4905588715583 -2941.4952860843941 -2941.4993017426682 -2941.5026676328516 -2941.5054355545867 -2941.5076481218703 -2941.5093394226951 -2941.5105355472483 -2941.5112549928067 -2941.5115089519113 -2941.5113014880931 -2941.5106296022027 -2941.5094831901888 -2941.507844891933 -2941.5056898289276 -2941.5029852266002 -2941.4996899158846 -2941.4957537062005 -2941.4911166203647 -2941.4857079798371 -2941.4794453262207 -2941.4722331625412 -2941.463961495137 -2941.4545041537931 -2941.4437168644258 -2941.4314350447489 -2941.4174712893396 -2941.4016125053549 -2941.3836166552824 -2941.3632090565116 -2941.3400781813093 -2941.3138708925617 -2941.2841870424404 -2941.2505733510225 -2941.2125164709582 -2941.1694351318592 -2941.1206712438079 -2941.0654798233431 -2941.0030175873512 -2940.9323300396245 -2940.8523368516931 -2940.7618153132994 -2940.6593815981323 -2940.5434695568042 -2940.4123067108462 -2940.2638870785436 -2940.0959404142864 -2939.9058973880769 -2939.6908501689381 -2939.4475078051364 -2939.172145713716 -2938.8605485008438 -2938.5079452312634 -2938.1089361486265 -2937.6574097159264 -2937.1464486955465 -2936.5682238188206 -2935.9138734025523 -1467.6850584135884 -1467.488308638686 -1467.2790051260495 -1467.056346219081 -1466.819479015961 -1466.567496089898 -1466.2994319991549 -1466.0142595733516 -1465.7108859616917 -1465.3881484278193 -1465.0448098749969 -1464.6795540843543 -1464.2909806476746 -1463.877599575216 -1463.4378255575061 -1462.9699718590955 -1462.4722438203767 -1461.9427319424499 -1461.3794045281361 -1460.7800998506054 -1460.1425178192412 -1459.4642111104001 -1458.7425757286464 -1457.9748409617691 -1457.1580586906496 -1456.2890920123191 -1455.36460313217 -1454.3810404780545 -1453.334624986353 -1452.2213355065173 -1451.0368932674353 -1449.7767453450631 -1448.4360470669942 -1447.0096432855219 -1445.4920484461097 -1443.8774253737274 -1442.1595626943224 -1440.3318508033808 -1438.3872562878926 -1436.318294701862 -1434.1170015892319 -1431.7749016409437 -1429.2829758658379 -1426.6316266470067 -1423.8106405471601 -1420.8091487175238 -1417.6155847554717 -1414.2176398460256 -1410.6022150117064 -1406.755370283734 -1402.6622705955974 -1398.3071281869825 -1393.6731412923104 -1388.742428873599 -1383.4959611415377 -1377.9134855922835 -1371.9734482696049 -1365.6529099432071 -1358.9274568739859 -1351.7711058155205 -1344.1562028783467 -1336.0533158592395 -1327.4311196118624 -1318.2562740075782 -1308.4932940058484 -1298.1044113223325 -1287.0494271495268 -1275.2855553491572 -1262.7672554978103 -1249.4460551269144 -1235.2703604551991 -1220.185254866044 -1204.1322843333223 -1187.0492289473477 -1168.8698596372453 -1149.5236791269265 -1128.935646099085 -1107.0258814745614 -1083.7093556430571 -1058.8955554050865 -1032.4881293041474 -1004.3845099418859 -974.47551177773391 -942.64490281828819 -908.76894850197141 -872.71592598544737 -834.34560695066887 -793.50870700346627 -750.04629979764957 -703.78919437303853 -654.55727529658247 -602.1588081875808 -546.38972097317151 -487.03289101064189 -423.85751827685249 -356.61879107637128 -285.05836868386604 -208.90700568342143 -127.89265684763124 -42.066618055053105 0



# name: <cell-element>
# type: matrix
# rows: 1
# columns: 301
 -110.98242570202989 -119.86442358674101 -102.8196336147589 -108.21474048300038 -106.36539345341227 -104.66842357740803 -103.10697040538253 -101.66611478490485 -100.33269868321227 -105.65972780152629 -97.869297628722066 -96.799006207820355 -95.797138639435971 -94.856873137342006 -93.972220289721221 -93.137917968541998 -92.349338572645266 -91.60240746879289 -90.893531503575829 -90.219536509169203 -89.577612797262319 -88.965267716072063 -88.380284428514386 -87.820686151300166 -87.284705172902719 -86.770756041778398 -86.277412384306402 -85.80338687450147 -85.347513934548445 -84.908734796792942 -84.486084604216927 -84.078681267900834 -83.685715836856673 -83.30644416826064 -82.940179714854054 -82.586287271513797 -82.244177544990507 -76.46245266928878 -81.614171112107257 -81.303596726240883 -81.002850046654103 -80.711509631711778 -80.429179313342118 -80.155486028478364 -79.890077898671748 -79.632622524170642 -79.382805463710952 -79.140328875431322 -78.904910297922967 -78.676281553448717 -78.454187757952511 -78.238386424677344 -78.028646650066008 -77.824748372215367 -77.626481693493986 -77.433646260082824 -77.246050692172147 -77.063512059384493 -76.885855396696812 -76.712913256742922 -76.544525294899259 -76.380537883992574 -76.220803755860629 -76.065181667313908 -75.913536088332876 -75.765736910587435 -75.621659174557976 -75.481182813741725 -75.34419241457266 -75.210576990829892 -75.080229771428407 -74.953048000598713 -74.828932749542915 -74.707788738757785 -74.58952417027082 -74.47405056911002 -74.361282633387091 -74.251138092418685 -74.143537572370619 -74.038404468929699 -73.935664826573515 -73.83524722401728 -73.737082665465536 -73.641104477312297 -73.547248209967719 -73.455451544509245 -73.36565420387177 -73.277797868319368 -73.191826094952376 -73.107684241024756 -73.025319390854392 -72.944680286131344 -72.865717259440203 -72.788382170814074 -72.712628347165946 -72.638410524440715 -72.565684792341031 -72.494408541498075 -72.424540412956205 -72.356040249852015 -144.51185797869931 -144.2533187117742 -144.00438988539082 -143.76452962213813 -143.53322485154692 -143.3099892001853 -143.09436104698435 -142.88590172840114 -142.68419387964278 -142.48883989954186 -142.29946052793957 -142.11569352549472 -141.93719244685016 -141.76362549892696 -141.59467447691605 -141.43003377120104 -141.26940943910645 -141.11251833587073 -140.9590872997893 -140.80885238688614 -140.66155815089158 -140.51695696465558 -140.37480837947263 -140.23487851905821 -140.09693950520156 -144.6238206952244 -139.82168607948594 -139.68844526859613 -139.55632633997806 -139.4251238288808 -139.29463533438889 -139.16466110150282 -139.03500361799132 -138.90546722454496 -138.77585773685072 -138.64598207829351 -138.51564792208694 -138.38466334169036 -138.25283646844343 -138.11997515540725 -137.98588664646624 -137.85037724976718 -137.7132520146458 -137.57431441120937 -137.43336601179121 -137.29020617350955 -137.1446317212133 -136.99643663010085 -136.84541170733024 -136.69134427195226 -136.53401783252596 -136.3732117617698 -136.20870096763193 -136.04025556016401 -135.86764051358557 -135.69061532294793 -135.50893365477978 -135.3223429911458 -135.13058426648908 -134.93339149668603 -134.7304913996997 -134.5216030072288 -134.3064372667404 -134.08469663327341 -133.85607465037853 -133.62025551956651 -133.37691365761276 -133.12571324106088 -132.86630773725238 -132.59833942119826 -132.32143887758326 -132.0352244871915 -131.73930189700852 -131.43326347324685 -131.1166877365165 -130.78913877834034 -130.45016565819262 -130.09930178021708 -129.73606424874745 -129.35995320174243 -128.97045112119861 -128.56702211959694 -128.14911120139411 -127.71614349854592 -127.26752347901324 -126.80263412717463 -126.32083609502436 -125.82146682301 -125.30383962931823 -124.7672427663872 -124.21093844337538 -123.63416181328756 -123.03611992340964 -122.41599062766518 -121.77292145946696 -121.10602846358955 -120.41439498554476 -119.69707041690884 -118.95306889499099 -118.1813679552029 -58.792351155191525 -58.588555979247374 -58.380993649391172 -58.169592874346954 -57.954281047295787 -57.734984221162378 -57.511627083460731 -57.28413293068958 -57.052423642270483 -56.816419654022638 -56.576039931164537 -56.331201940836976 -56.081821624137952 -55.827813367664106 -55.56908997454812 -55.305562634986515 -55.037140896249575 -54.763732632164682 -54.485244012065657 -54.201579469201377 -53.912641668593231 -53.618331474335214 -53.318547916328811 -53.013188156441991 -52.702147454087537 -52.385319131208796 -52.062594536667191 -51.733863010019526 -51.399011844678832 -51.057926250446862 -50.710489315408651 -50.356581967179068 -49.996082933487102 -49.628868702087985 -49.254813479985067 -48.873789151947229 -48.485665238302232 -48.090308851982392 -47.687584654797845 -47.277354812905514 -46.859478951436095 -46.43381410823298 -46.000214686649045 -45.558532407331413 -45.108616258912051 -44.650312447499466 -44.183464344846946 -43.70791243503492 -43.223494259476382 -42.730044359999631 -42.227394219707826 -41.715372201241109 -41.193803481975856 -40.662509985582979 -40.121310309228349 -39.570019645521946 -39.008449698109118 -38.436408589526444 -37.853700759614327 -37.260126852362788 -36.655483588556486 -36.039563620946915 -35.412155367893398 -34.773042820433027 -34.122005316528337 -33.458817274736191 -32.783247877673972 -32.095060693347364 -31.394013219532958 -30.679856332853614 -29.952333619774041 -29.211180561277462 -28.456123536206821 -27.686878599853582 -26.903149983962376 -26.104628251410521 -25.290988022820269 -24.461885172525626 -23.616953366730446 -22.755799786219058 -21.877999838208041 -20.983090615106981 -20.070562799925273 -19.139850646131809 -18.190319570621945 -17.221250787943863 -16.231822276975642 -15.22108520148768 -14.187934695622859 -13.131073664545216 -12.048967927287336 -10.939790628216114 -9.8013533470087655 -8.6310207216210326 -7.4256046359752572 -6.1812330787209389 -4.8931876077021919 -3.5557019025151275 -2.1617120875906184 -0.70765114147131991 0



# name: <cell-element>
# type: matrix
# rows: 1
# columns: 201
 -583.33454882642434 -1214.7787918159445 -1290.2027233351346 -1369.827271656663 -1453.054926831875 -1539.0305725328415 -1626.7422747068042 -1715.1105632889728 -1803.0618442776179 -1889.5858597406339 -1973.7781661466381 -2054.8685515079801 -2132.2363766252247 -2205.4143000196373 -2274.0824718310723 -2338.0557096321631 -2397.2662291106649 -2451.7442291415364 -2501.5981609116707 -2546.9959851063263 -2588.1482364917833 -2625.2933194036973 -2658.6851630127207 -2688.5831639817684 -2715.244219679023 -2738.9165888451262 -2762.5165248143512 -2787.1468296079229 -2804.8187393161697 -2820.4101060363591 -2834.2755160108973 -2846.5939492153821 -2857.5286277736959 -2867.227729743744 -2875.8252557157175 -2883.4419837336882 -2890.1864639130977 -2896.1560169421509 -2901.4377108447184 -2906.1092983584617 -2910.2401034313207 -2913.8918500050677 -2917.119429733094 -2919.9716078175579 -2922.4916679588946 -2924.7179986508063 -2926.6846238665566 -2928.4216816694434 -2929.9558545310856 -2931.3107552168149 -2932.5072720512967 -2933.5638772472221 -2934.4969017943795 -2935.3207801876251 -2936.0482680362588 -2936.6906353552295 -2937.2578380990458 -2937.758670267337 -2938.200898690432 -2938.5913823970154 -2938.9361782734086 -2939.2406345477775 -2939.5094734710319 -2939.746864418622 -2939.956488505381 -2940.1415956841288 -2940.3050551928854 -2940.4494001172638 -2940.576866747761 -2940.6894293364899 -2940.7888307869721 -2940.8766097504554 -2940.954124547462 -2941.0225742846792 -2941.0830174950929 -2941.1363885902838 -2941.1835123809519 -2941.2251168913695 -2941.2618446673891 -2941.2942627539014 -2941.3228714974398 -2941.3481123109264 -2941.3703745217131 -2941.3900014095479 -2941.4072955286838 -2941.4225233970578 -2941.4359196255223 -2941.4476905516844 -2941.4580174347439 -2941.4670592612592 -2941.4749552054022 -2941.481826782157 -2941.4877797268464 -2941.4929056303567 -2941.4972833554111 -2941.500980255998 -2941.5040532188818 -2941.5065495434656 -2941.5085076736832 -2941.509957793287 -2941.5109222938509 -2941.5114161228489 -2941.511447017087 -2941.5110156254987 -2941.5101155228936 -2941.5087331152545 -2941.5068474350801 -2941.5044298237249 -2941.5014434958784 -2941.4978429797338 -2941.4935734240657 -2941.4885697619507 -2941.4827557180151 -2941.4760426443963 -2941.468328167342 -2941.4594946239145 -2941.4494072647799 -2941.4379121956617 -2941.4248340258455 -2941.4099731878464 -2941.3931028870156 -2941.3739656345629 -2941.3522693105947 -2941.3276826971733 -2941.2998304125258 -2941.2682871689931 -2941.2325712665843 -2941.1921372222009 -2941.1463674215665 -2941.0945626659186 -2941.0359314672282 -2940.9695779296071 -2940.8944880286485 -2940.8095140791829 -2940.7133571522081 -2940.6045471709249 -2940.4814203796582 -2940.3420938392019 -2940.1844365560523 -2940.0060368014192 -2939.8041651165158 -2939.5757324347901 -2939.3172426756551 -2939.024739079287 -2938.6937434553201 -2938.3191874083136 -2937.895334479334 -2937.4156920019327 -2936.872911311902 -2936.2586747695168 -2935.563567849003 -2934.7769343179516 -2933.8867122677098 -2932.879248458119 -2931.7390881035735 -2930.4487368458035 -2928.988391226469 -2927.3356334828627 -2925.4650859349372 -2923.3480196026662 -2920.9519109799508 -2918.239940083226 -2915.1704219768421 -2911.6961629395778 -2907.763731259497 -2903.3126313106695 -2898.2743680529411 -2892.5713873814097 -2886.1158758085649 -2878.8084007578564 -2870.5363702486375 -2861.172287918057 -2850.57177611203 -2838.5713361324797 -2824.9858105940561 -2809.6055081549239 -2792.1929455673967 -2772.4791559608398 -2750.1595054244117 -2724.8889521915162 -2696.2766739166182 -2663.8799785368174 -2627.1974028648733 -2585.6608901841391 -2538.6269235021468 -2485.3664745320962 -2425.053609642689 -2356.7525726416475 -2279.4031399908704 -2191.8040164981849 -2092.5940082461234 -1980.2306740061456 -1852.9661161472259 -1708.8195269250484 -1545.546058462857 -1360.601553984781 -1151.1027904003379 -913.78394378734686 -644.95710550257741 -340.53017712858832 -59.344290231659969



# name: <cell-element>
# type: matrix
# rows: 1
# columns: 201
 -114.36387963585695 -222.60460754263045 -214.51080534573501 -207.71398944221818 -201.9438118873646 -196.98871028999699 -192.68485989735356 -188.90593243148703 -185.55455267777319 -182.55548551862324 -179.85032808909565 -177.39343303652456 -175.14880839029811 -173.08777766486392 -171.18722362221419 -169.42827513860038 -167.795327340076 -166.27531048470479 -164.85714340299103 -163.53132329968199 -162.2896160696265 -161.12482066854557 -160.03058812210801 -159.00128098138242 -158.03186287413789 -157.11781060624983 -156.25504330483125 -155.43986456964939 -154.66891466538496 -153.93913055757866 -153.24771215261589 -152.59209350675971 -151.96991806431171 -151.3790172014171 -150.8173915119884 -150.28319439139716 -149.77471756333483 -149.29037826346726 -148.8287078460304 -148.38834162037566 -147.9680097566617 -147.56652912554858 -147.18279595739122 -146.81577922327574 -146.46451465406989 -146.12809932513883 -145.8056867439681 -145.49648238605334 -145.19973963124298 -144.91475605861598 -144.64087006294483 -144.37745776018303 -144.12393015309485 -143.87973053144322 -143.64433208395576 -143.41723570178161 -143.19796795529521 -142.98607922805309 -142.78114199333419 -142.58274922023239 -142.39051289753556 -142.20406266482431 -142.02304454123328 -141.8471197432487 -141.67596358373805 -141.50926444511117 -141.34672282022953 -141.1880504152042 -141.03296930874754 -140.88121116327542 -140.732516483323 -140.58663391723729 -140.44331959846377 -140.30233652302502 -140.1634539601057 -140.02644689288078 -139.89109548696504 -139.75718458406575 -139.62450321860965 -139.49284415527381 -139.36200344552429 -139.23178000137514 -139.10197518474007 -138.97239241082772 -138.84283676416985 -138.71311462593442 -138.58303331128539 -138.45240071560616 -138.32102496849163 -138.18871409446515 -138.0552756794431 -137.9205165419971 -137.78424240855901 -137.64625759169382 -137.50636467064788 -137.36436417340539 -137.22005425948947 -137.07323040280869 -136.92368507384424 -136.77120742050568 -136.61558294699353 -136.45659319003872 -136.2940153918704 -136.12762216931074 -135.95718117837572 -135.78245477377493 -135.60319966272152 -135.41916655243872 -135.23009979078265 -135.03573699937206 -134.83580869862902 -134.63003792413335 -134.41813983367351 -134.19982130438626 -133.97478051936397 -133.74270654309242 -133.5032788850823 -133.25616705104406 -133.00103008093498 -132.73751607320241 -132.46526169453017 -132.18389167437275 -131.89301828355252 -131.59224079617391 -131.28114493408273 -130.95930229308695 -130.62626975013004 -130.28158885057641 -129.92478517475604 -129.55536768290096 -129.1728280375001 -128.77663990223914 -128.36625821645427 -127.94111844415927 -127.50063579660089 -127.04420442727559 -126.57119659831689 -126.08096181711537 -125.57282594200873 -125.04609025582744 -124.50003050606131 -123.93389591035583 -123.34690812601706 -122.73826018215875 -122.1071153730868 -121.45260611146581 -120.77383273978111 -120.06986229855448 -119.33972724973906 -118.58242415366331 -117.79691229786543 -116.98211227610524 -116.13690451580524 -115.26012775213194 -114.35057744689053 -113.40700415037146 -112.42811180425004 -111.41255598361985 -110.35894207620269 -109.26582339675815 -108.13169923470318 -106.95501283290602 -105.73414929562024 -104.46743342346687 -103.15312747332725 -101.78942884090536 -100.37446766356351 -98.906304340754289 -97.3829269689233 -95.802248687007463 -94.162104927454976 -92.460250565754919 -90.694356958414758 -88.862008854491009 -86.960701158230307 -84.987835508587892 -82.940716623070387 -80.816548324948954 -78.612429128953139 -76.325347192698175 -73.952174336425372 -71.489658672345357 -68.934415136493854 -66.28291283377223 -63.531457518849365 -60.676166631382479 -57.712932913893027 -54.637370503879247 -51.44473410785973 -48.129796818725296 -44.686664383825224 -41.108491817598292 -37.387049948701844 -33.512061370938255 -29.470182066076699 -25.24343859894444 -20.8068288296252 -16.124637463235633 -11.144777153299556 -5.7900962637919573 -1.0001526874860018



# name: <cell-element>
# type: matrix
# rows: 1
# columns: 401
 -288.7208467612428 -589.22740413036161 -607.24887737625852 -625.83242474901283 -644.96868504389624 -664.63565183344906 -684.80003259568502 -705.4188262885034 -726.44098419202135 -747.80905899118841 -769.46078077809773 -791.33052451829076 -813.35065178570323 -835.45272132390267 -857.56856965269117 -879.63126594865446 -901.57594610900742 -923.34053038856803 -944.8663281591364 -966.0985327744296 -986.98660953962383 -1007.4845804396031 -1027.5512104471616 -1047.150101682043 -1066.2497031692903 -1084.8232452298166 -1102.8486084721696 -1120.3081378651275 -1137.1884124461419 -1153.4799809047122 -1169.1770726452514 -1184.2772930691324 -1198.7813108054381 -1212.6925435413225 -1226.0168480172845 -1238.7622187071731 -1250.9384987296608 -1262.5571056568292 -1273.6307741075243 -1284.1733163407712 -1294.1994014955458 -1303.7243536516755 -1312.7639685047566 -1321.3343481462121 -1329.4517532081857 -1337.1324714628756 -1344.3927018470131 -1351.2484528066327 -1357.7154538167645 -1363.8090789178975 -1369.5442811187168 -1374.9355365349215 -1380.7320850620019 -1388.6333429697788 -1393.719686036477 -1398.2209441731225 -1402.4693420472177 -1406.4778503647919 -1410.258925541609 -1413.8245106247141 -1417.1860393334555 -1420.3544427301536 -1423.3401580832833 -1426.1531395340344 -1428.80287022228 -1431.2983755687992 -1433.6482374483833 -1435.8606090219425 -1437.9432300272852 -1439.9034423549213 -1441.7482057609702 -1443.4841135905378 -1445.1174084052172 -1446.653997425235 -1448.0994677124966 -1449.4591010340926 -1450.7378883576407 -1451.9405439400666 -1453.0715189805305 -1454.1350148158244 -1455.1349956430854 -1456.0752007606375 -1456.9591563223096 -1457.7901866048917 -1458.5714247916717 -1459.3058232779472 -1459.9961635065984 -1460.6450653439927 -1461.254996007636 -1461.8282785584986 -1462.3670999716783 -1462.873518799749 -1463.3494724436391 -1463.7967840460844 -1464.2171690228715 -1464.6122412470534 -1464.9835189012185 -1465.3324300126849 -1465.6603176862093 -1465.9684450485336 -1466.2579999185834 -1466.5300992168914 -1466.7857931272281 -1467.0260690230962 -1467.2518551711694 -1467.4640242233195 -1467.66339650849 -1467.8507431349651 -1468.0267889134698 -1468.1922151106232 -1468.3476620422518 -1468.4937315153338 -1468.6309891270193 -1468.7599664287191 -1468.8811629629486 -1468.9950481800374 -1469.1020632416494 -1469.2026227175184 -1469.2971161815874 -1469.3859097133516 -1469.4693473098748 -1469.5477522137135 -1469.6214281616101 -1469.690660558628 -1469.7557175820577 -1469.8168512193104 -1469.8742982435433 -1469.9282811308653 -1469.9790089224789 -1470.026678034943 -1470.0714730218151 -1470.1135672896705 -1470.1531237706486 -1470.1902955547989 -1470.2252264841939 -1470.2580517113122 -1470.2888982236639 -1470.3178853368709 -1470.3451251578849 -1470.3707230203304 -1470.3947778934905 -1470.4173827666218 -1470.4386250100133 -1470.4585867142785 -1470.4773450090593 -1470.4949723625068 -1470.5115368626314 -1470.5271024815886 -1470.5417293240546 -1470.5554738604801 -1470.5683891462525 -1470.5805250275755 -1470.5919283348908 -1470.6026430645352 -1470.6127105494261 -1470.6221696193584 -1470.6310567515845 -1470.6394062122604 -1470.6472501892663 -1470.6546189170135 -1470.661540793566 -1470.6680424907281 -1470.6741490573575 -1470.679884016402 -1470.685269456 -1470.6903261150235 -1470.6950734633679 -1470.6995297773356 -1470.7037122103447 -1470.7076368593519 -1470.7113188270953 -1470.7147722805646 -1470.7180105057303 -1470.721045959019 -1470.7238903153975 -1470.7265545135547 -1470.729048798185 -1470.7313827595719 -1470.7335653706416 -1470.7356050216758 -1470.7375095526897 -1470.7392862837453 -1470.740942043208 -1470.7424831941357 -1470.7439156588568 -1470.7452449418279 -1470.7464761509052 -1470.7476140170691 -1470.748662912684 -1470.7496268683947 -1470.7505095886959 -1470.7513144662189 -1470.752044594879 -1470.7527027817844 -1470.7532915581153 -1470.7538131889066 -1470.7542696818086 -1470.7546627948402 -1470.754994043228 -1470.7552647052748 -1470.7554758273136 -1470.7556282278094 -1470.7557225005105 -1470.7557590168583 -1470.755737927409 -1470.7556591624987 -1470.7555224320331 -1470.755327224437 -1470.7550728047454 -1470.7547582118643 -1470.7543822549221 -1470.7539435088049 -1470.7534403087197 -1470.7528707439189 -1470.7522326504009 -1470.7515236027236 -1470.7507409047698 -1470.7498815794843 -1470.7489423575353 -1470.7479196648926 -1470.7468096091859 -1470.7456079648757 -1470.744310157191 -1470.7429112446378 -1470.741405900196 -1470.7397883909994 -1470.7380525564699 -1470.7361917848414 -1470.7341989879121 -1470.7320665740197 -1470.7297864190909 -1470.7273498356255 -1470.7247475395557 -1470.721969614819 -1470.7190054755099 -1470.7158438254748 -1470.712472615204 -1470.708878995812 -1470.7050492700216 -1470.7009688398359 -1470.6966221507967 -1470.6919926326213 -1470.6870626359027 -1470.6818133646934 -1470.6762248047446 -1470.6702756470195 -1470.6639432063364 -1470.6572033346658 -1470.6500303288915 -1470.6423968325985 -1470.6342737315315 -1470.6256300423286 -1470.6164327941381 -1470.6066469025529 -1470.596235035551 -1470.5851574707415 -1470.5733719434618 -1470.5608334854651 -1470.5474942524365 -1470.5333033414977 -1470.5182065963697 -1470.5021464002214 -1470.485061455292 -1470.4668865484007 -1470.4475523014573 -1470.426984905981 -1470.405105840691 -1470.3818315710059 -1470.3570732293053 -1470.3307362748096 -1470.3027201316379 -1470.2729178037682 -1470.2412154653534 -1470.2074920248551 -1470.1716186613114 -1470.1334583309183 -1470.0928652421014 -1470.0496842969906 -1470.003750497177 -1469.9548883114931 -1469.9029110033209 -1469.8476199149002 -1469.7888037058519 -1469.7262375429834 -1469.6596822382824 -1469.5888833317479 -1469.5135701155461 -1469.4334545957299 -1469.3482303875176 -1469.2575715398741 -1469.1611312848713 -1469.0585407070109 -1468.9494073273406 -1468.8333135969765 -1468.7098152941412 -1468.578439818609 -1468.4386843769159 -1468.2900140513489 -1468.1318597453155 -1467.9636159970557 -1467.7846386533579 -1467.5942423942356 -1467.3916980990109 -1467.1762300436505 -1466.9470129184799 -1466.7031686548214 -1466.4437630481841 -1466.1678021650587 -1465.8742285193057 -1465.5619170034804 -1465.2296705591707 -1464.8762155697843 -1464.5001969577977 -1464.1001729675502 -1463.6746096133584 -1463.2218747714596 -1462.740231892858 -1462.2278333126978 -1461.6827131302825 -1461.102779632057 -1460.485807228187 -1459.8294278714675 -1459.131121925185 -1458.3882084446143 -1457.5978348342301 -1456.7569658406076 -1455.86237183816 -1454.9106163622259 -1453.8980428410014 -1452.8207604747627 -1451.6746292073881 -1450.4552437318016 -1449.1579164669554 -1447.777659440171 -1446.3091650042388 -1444.7467853141784 -1443.0845104836146 -1441.3159453357132 -1439.4342846579357 -1437.432286864127 -1435.3022459611807 -1433.0359617107883 -1430.6247078698748 -1428.0591983855707 -1425.3295514126942 -1422.4252510131005 -1419.3351063871153 -1416.0472084776334 -1412.5488837770667 -1408.8266451563529 -1404.8661395234803 -1400.6520921065371 -1396.1682471429365 -1391.3973047423808 -1386.3208536759125 -1380.9192998274721 -1375.1717900271403 -1369.0561309670702 -1362.5487028816358 -1355.6243676526935 -1348.2563709787096 -1340.4162382231252 -1332.0736635322144 -1323.1963917860849 -1313.7500929180756 -1303.6982281075109 -1293.0019073185606 -1281.6197376236482 -1269.5076617131572 -1256.6187859543336 -1242.903197320639 -1228.3077684685795 -1212.7759501919318 -1196.2475504329382 -1178.6584989766131 -1159.9405968971287 -1140.0212497645691 -1118.8231835554741 -1096.2641421415892 -1072.2565651577168 -1046.7072449711898 -1019.5169613921508 -990.58009267524301 -959.78420126965614 -927.00959267642338 -892.12884567194862 -855.00631206163405 -815.49758405487819 -773.44892734765278 -728.69667817552897 -681.06660324619986 -630.37322330163374 -576.4191059215126 -518.99414565601739 -457.8748812281292 -392.82397946241787 -323.59021696993892 -249.90979760285896 -171.51111963788242 -88.128317378552794 -15.280131542383582



# name: <cell-element>
# type: matrix
# rows: 1
# columns: 401
 -57.582160065312941 -113.56343914108797 -111.25148971104441 -109.14279652208472 -107.21514072014583 -105.44853272909322 -103.82514286905111 -102.32916041724323 -100.9466205809627 -99.66522219556019 -98.474148905185643 -97.363900574062697 -96.326138127836956 -95.353542964970956 -94.439690912948279 -93.578940072106704 -92.766331572776664 -91.997502137887565 -91.268607314747001 -90.576254269865288 -89.917443101932221 -89.289515704462517 -88.690111291809501 -88.117127784967295 -87.568688333766232 -87.043112328095987 -86.538890321761713 -86.054662358108388 -85.589199246511086 -85.141386393298021 -84.710209839799077 -84.294744204305701 -83.894142264002539 -83.507625947841106 -83.134478542091301 -82.774037937385017 -82.425690769782861 -82.088867329030094 -81.763037125146411 -81.447705020040203 -81.142407844273265 -80.846711430667497 -80.560208006386176 -80.282513893651071 -80.013267476531311 -79.752127397502335 -79.498770952750007 -79.252892659762381 -79.014202974578112 -78.782427139356088 -78.557304143721311 -78.338585785701369 -78.126035820088859 -77.919429183783322 -77.718551289102251 -77.523197377311647 -77.333171925663777 -77.148288102130607 -76.968367262786657 -76.793238487452442 -76.622738149756856 -76.456709518264844 -76.295002385721006 -76.13747272381265 -75.983982361159008 -75.83439868249296 -75.688594347239714 -75.546447025861752 -75.407839152557415 -75.272657693000099 -75.140793925973767 -75.012143237846061 -74.886604928939846 -74.76408203094438 -74.64448113458262 -74.527712226825273 -74.41368853700439 -74.302326391227339 -74.193545074552475 -74.087266700418681 -73.983416086871841 -73.881920639161351 -73.78271023831249 -73.68571713531189 -73.590875850568437 -73.498123078334942 -73.40739759580508 -73.318640176605811 -73.231793508441413 -73.146802114651052 -73.063612279457857 -72.982171976710148 -72.902430801915372 -72.824339907395185 -72.747851940387008 -72.672920983936763 -72.599502500438433 -72.527553277672027 -72.457031377217859 -72.387896085123671 -72.320107864702891 -72.253628311360885 -72.188420109343994 -72.124446990317935 -72.061673693679055 -72.000065928514346 -71.939590337136082 -71.880214460099822 -71.821906702650779 -71.764636302510539 -71.708373298958676 -71.653088503134924 -71.598753469505155 -71.545340468445247 -71.492822459875356 -71.441173067910313 -71.390366556471804 -71.340377805814015 -71.291182289929779 -71.242756054790647 -71.195075697383956 -71.148118345511847 -71.101861638317217 -71.056283707501819 -71.011363159210021 -70.967079056544378 -70.923410902684068 -70.880338624585548 -70.83784255723468 -70.795903428420573 -70.754502344018263 -70.713620773765598 -70.673240537480567 -70.633343791731647 -70.593913016928994 -70.554931004817917 -70.516380846355929 -70.47824591996492 -70.440509880127919 -70.403156646330018 -70.366170392319745 -70.329535535675916 -70.293236727676884 -70.257258843444973 -70.221586972363895 -70.186206408754956 -70.151102642799671 -70.116261351695456 -70.081668391040793 -70.047309786434028 -70.013171725276408 -69.979240548774612 -69.945502744128333 -69.911944936898962 -69.878553883547553 -69.845316464137994 -69.812219675191812 -69.779250622697077 -69.746396515251789 -69.713644657346833 -69.680982442773256 -69.648397348154688 -69.615876926590886 -69.583408801414279 -69.550980660048992 -69.51858024796833 -69.486195362746258 -69.453813848195139 -69.42142358858969 -69.389012502964974 -69.356568539491903 -69.324079669920238 -69.291533884085595 -69.258919184479197 -69.226223580871761 -69.193435084990071 -69.160541705245237 -69.127531441502086 -69.094392279889234 -69.061112187651077 -69.027679108029034 -68.994080955176514 -68.96030560909918 -68.926340910619743 -68.892174656364858 -68.85779459376873 -68.823188416089025 -68.788343757439819 -68.753248187828191 -68.717889208199296 -68.682254245483293 -68.64633064764439 -68.610105678724494 -68.573566513884472 -68.536700234435585 -68.49949382286124 -68.461934157827386 -68.424008009172823 -68.385702032887309 -68.347002766063909 -68.307896621831432 -68.268369884260935 -68.228408703241968 -68.187999089332607 -68.14712690857219 -68.105777877263321 -68.063937556712403 -68.021591347933423 -67.978724486308124 -67.935322036201256 -67.891368885531037 -67.846849740286785 -67.80174911899968 -67.756051347156216 -67.709740551555257 -67.662800654610564 -67.6152153685874 -67.566968189780113 -67.5180423926207 -67.468421023722627 -67.418086895852682 -67.367022581829943 -67.315210408350708 -67.262632449735435 -67.209270521595712 -67.155106174419956 -67.100120687072561 -67.044295060207745 -66.987610009592032 -66.930045959336454 -66.871583035031165 -66.812201056786094 -66.751879532168687 -66.690597649041422 -66.628334268292846 -66.565067916461118 -66.500776778247115 -66.435438688914402 -66.369031126573006 -66.301531204344599 -66.23291566240519 -66.163160859905759 -66.0922427667618 -66.020136955316246 -65.946818591866304 -65.872262428056345 -65.796442792128602 -65.719333580034657 -65.640908246398709 -65.561139795333418 -65.480000771103448 -65.397463248633883 -65.313498823858453 -65.228078603909424 -65.14117319713796 -65.052752702967481 -64.962786701573322 -64.871244243398337 -64.778093838455746 -64.683303445491703 -64.586840460931683 -64.488671707645025 -64.388763423514121 -64.287081249805084 -64.183590219334945 -64.078254744433437 -63.971038604692325 -63.861904934500778 -63.750816210360668 -63.637734237979799 -63.52262013913446 -63.405434338302356 -63.286136549056387 -63.164685760218212 -63.041040221764547 -62.915157430483653 -62.786994115374092 -62.65650622278541 -62.523648901290507 -62.388376486288216 -62.250642484331465 -62.110399557171469 -61.967599505517441 -61.822193252505414 -61.674130826866381 -61.523361345795792 -61.369832997511438 -61.213493023499097 -61.054287700437861 -60.892162321798978 -60.727061179114017 -60.558927542904854 -60.387703643269525 -60.213330650118266 -60.03574865305314 -59.854896640884753 -59.670712480780054 -59.483132897033443 -59.292093449456857 -59.097528511379473 -58.899371247251828 -58.697553589847651 -58.492006217055305 -58.282658528252163 -58.069438620256243 -57.852273262845735 -57.6310878738404 -57.405806493737437 -57.176351759895113 -56.942644880253845 -56.704605606592139 -56.462152207304669 -56.215201439698532 -55.963668521798255 -55.707467103652853 -55.446509238135931 -55.18070535123254 -54.909964211803832 -54.634192900822107 -54.353296780068391 -54.067179460284031 -53.775742768769895 -53.478886716421762 -53.176509464198602 -52.868507289010374 -52.554774549020941 -52.23520364835516 -51.909685001202369 -51.578106995307238 -51.240355954837398 -50.896316102619807 -50.545869521733614 -50.188896116448433 -49.825273572496585 -49.45487731666384 -49.077580475684478 -48.693253834422421 -48.301765793317131 -47.902982325071854 -47.496766930554102 -47.082980593874964 -46.661481736605836 -46.232126171082989 -45.794767052737932 -45.34925483137922 -44.895437201333166 -44.433159050329408 -43.962262406989986 -43.482586386747634 -42.993967135975261 -42.496237774059395 -41.989228333081698 -41.472765694693912 -40.946673523671222 -40.410772197502574 -39.864878731221388 -39.308806696489832 -38.742366133705275 -38.165363455605949 -37.577601340479276 -36.978878612621621 -36.368990107128212 -35.747726515388237 -35.114874206786119 -34.470215021025822 -33.813526024149994 -33.14457921966001 -32.463141204074553 -31.768972753701519 -31.061828326221189 -30.341455456737325 -29.60759402306914 -28.859975349002596 -28.098321106711722 -27.322341970257046 -26.531735960532686 -25.726186407736478 -24.905359439713848 -24.068900882558182 -23.216432432620412 -22.347546925327414 -21.46180248437517 -20.558715283006009 -19.637750584809449 -18.698311651820642 -17.739726008952914 -16.761228431416601 -15.761939870090407 -14.740841341802778 -13.696741578457418 -12.628236940117887 -11.533661739195711 -10.411026679205747 -9.2579425616431923 -8.0715257329646235 -6.8482808988988255 -5.5839558863030465 -4.2733616350941936 -2.9101490944067319 -1.486532703676255 -0.25688633564787433



# name: <cell-element>
# type: matrix
# rows: 1
# columns: 301
 -288.7208467612428 -589.22740413036161 -607.24887737625852 -625.83242474901283 -644.96868504389624 -664.63565183344906 -684.80003259568502 -705.4188262885034 -726.44098419202135 -747.80905899118841 -769.46078077809773 -791.33052451829076 -813.35065178570323 -835.45272132390267 -857.56856965269117 -879.63126594865446 -901.57594610900742 -923.34053038856803 -944.8663281591364 -966.0985327744296 -986.98660953962383 -1007.4845804396031 -1027.5512104471616 -1047.150101682043 -1066.2497031692903 -1084.8232452298166 -1102.8486084721696 -1120.3081378651275 -1137.1884124461419 -1153.4799809047122 -1169.1770726452514 -1184.2772930691324 -1198.7813108054381 -1212.6925435413225 -1226.0168480172845 -1238.7622187071731 -1250.9384987296608 -1262.5571056568292 -1273.6307741075243 -1284.1733163407712 -1294.1994014955458 -1303.7243536516755 -1312.7639685047566 -1321.3343481462121 -1329.4517532081857 -1337.1324714628756 -1344.3927018470131 -1351.2484528066327 -1357.7154538167645 -1363.8090789178975 -1369.5442811187168 -1374.9355365349215 -1380.7320850620019 -1388.6333429697788 -1393.719686036477 -1398.2209441731225 -1402.4693420472177 -1406.4778503647919 -1410.258925541609 -1413.8245106247141 -1417.1860393334555 -1420.3544427301536 -1423.3401580832833 -1426.1531395340344 -1428.80287022228 -1431.2983755687992 -1433.6482374483833 -1435.8606090219425 -1437.9432300272852 -1439.9034423549213 -1441.7482057609702 -1443.4841135905378 -1445.1174084052172 -1446.653997425235 -1448.0994677124966 -1449.4591010340926 -1450.7378883576407 -1451.9405439400666 -1453.0715189805305 -1454.1350148158244 -1455.1349956430854 -1456.0752007606375 -1456.9591563223096 -1457.7901866048917 -1458.5714247916717 -1459.3058232779472 -1459.9961635065984 -1460.6450653439927 -1461.254996007636 -1461.8282785584986 -1462.3670999716783 -1462.873518799749 -1463.3494724436391 -1463.7967840460844 -1464.2171690228715 -1464.6122412470534 -1464.9835189012185 -1465.3324300126849 -1465.6603176862093 -1465.9684450485336 -2199.5230495269957 -2933.5638772472221 -2934.4969017943795 -2935.3207801876251 -2936.0482680362588 -2936.6906353552295 -2937.2578380990458 -2937.758670267337 -2938.200898690432 -2938.5913823970154 -2938.9361782734086 -2939.2406345477775 -2939.5094734710319 -2939.746864418622 -2939.956488505381 -2940.1415956841288 -2940.3050551928854 -2940.4494001172638 -2940.576866747761 -2940.6894293364899 -2940.7888307869721 -2940.8766097504554 -2940.954124547462 -2941.0225742846792 -2941.0830174950929 -2941.1363885902838 -2941.1835123809519 -2941.2251168913695 -2941.2618446673891 -2941.2942627539014 -2941.3228714974398 -2941.3481123109264 -2941.3703745217131 -2941.3900014095479 -2941.4072955286838 -2941.4225233970578 -2941.4359196255223 -2941.4476905516844 -2941.4580174347439 -2941.4670592612592 -2941.4749552054022 -2941.481826782157 -2941.4877797268464 -2941.4929056303567 -2941.4972833554111 -2941.500980255998 -2941.5040532188818 -2941.5065495434656 -2941.5085076736832 -2941.509957793287 -2941.5109222938509 -2941.5114161228489 -2941.511447017087 -2941.5110156254987 -2941.5101155228936 -2941.5087331152545 -2941.5068474350801 -2941.5044298237249 -2941.5014434958784 -2941.4978429797338 -2941.4935734240657 -2941.4885697619507 -2941.4827557180151 -2941.4760426443963 -2941.468328167342 -2941.4594946239145 -2941.4494072647799 -2941.4379121956617 -2941.4248340258455 -2941.4099731878464 -2941.3931028870156 -2941.3739656345629 -2941.3522693105947 -2941.3276826971733 -2941.2998304125258 -2941.2682871689931 -2941.2325712665843 -2941.1921372222009 -2941.1463674215665 -2941.0945626659186 -2941.0359314672282 -2940.9695779296071 -2940.8944880286485 -2940.8095140791829 -2940.7133571522081 -2940.6045471709249 -2940.4814203796582 -2940.3420938392019 -2940.1844365560523 -2940.0060368014192 -2939.8041651165158 -2939.5757324347901 -2939.3172426756551 -2939.024739079287 -2938.6937434553201 -2938.3191874083136 -2937.895334479334 -2937.4156920019327 -2936.872911311902 -2936.2586747695168 -2201.7664466518831 -1467.5942423942356 -1467.3916980990109 -1467.1762300436505 -1466.9470129184799 -1466.7031686548214 -1466.4437630481841 -1466.1678021650587 -1465.8742285193057 -1465.5619170034804 -1465.2296705591707 -1464.8762155697843 -1464.5001969577977 -1464.1001729675502 -1463.6746096133584 -1463.2218747714596 -1462.740231892858 -1462.2278333126978 -1461.6827131302825 -1461.102779632057 -1460.485807228187 -1459.8294278714675 -1459.131121925185 -1458.3882084446143 -1457.5978348342301 -1456.7569658406076 -1455.86237183816 -1454.9106163622259 -1453.8980428410014 -1452.8207604747627 -1451.6746292073881 -1450.4552437318016 -1449.1579164669554 -1447.777659440171 -1446.3091650042388 -1444.7467853141784 -1443.0845104836146 -1441.3159453357132 -1439.4342846579357 -1437.432286864127 -1435.3022459611807 -1433.0359617107883 -1430.6247078698748 -1428.0591983855707 -1425.3295514126942 -1422.4252510131005 -1419.3351063871153 -1416.0472084776334 -1412.5488837770667 -1408.8266451563529 -1404.8661395234803 -1400.6520921065371 -1396.1682471429365 -1391.3973047423808 -1386.3208536759125 -1380.9192998274721 -1375.1717900271403 -1369.0561309670702 -1362.5487028816358 -1355.6243676526935 -1348.2563709787096 -1340.4162382231252 -1332.0736635322144 -1323.1963917860849 -1313.7500929180756 -1303.6982281075109 -1293.0019073185606 -1281.6197376236482 -1269.5076617131572 -1256.6187859543336 -1242.903197320639 -1228.3077684685795 -1212.7759501919318 -1196.2475504329382 -1178.6584989766131 -1159.9405968971287 -1140.0212497645691 -1118.8231835554741 -1096.2641421415892 -1072.2565651577168 -1046.7072449711898 -1019.5169613921508 -990.58009267524301 -959.78420126965614 -927.00959267642338 -892.12884567194862 -855.00631206163405 -815.49758405487819 -773.44892734765278 -728.69667817552897 -681.06660324619986 -630.37322330163374 -576.4191059215126 -518.99414565601739 -457.8748812281292 -392.82397946241787 -323.59021696993892 -249.90979760285896 -171.51111963788242 -88.128317378552794 -15.280131542383582



# name: <cell-element>
# type: matrix
# rows: 1
# columns: 301
 -57.582160065312941 -113.56343914108797 -111.25148971104441 -109.14279652208472 -107.21514072014583 -105.44853272909322 -103.82514286905111 -102.32916041724323 -100.9466205809627 -99.66522219556019 -98.474148905185643 -97.363900574062697 -96.326138127836956 -95.353542964970956 -94.439690912948279 -93.578940072106704 -92.766331572776664 -91.997502137887565 -91.268607314747001 -90.576254269865288 -89.917443101932221 -89.289515704462517 -88.690111291809501 -88.117127784967295 -87.568688333766232 -87.043112328095987 -86.538890321761713 -86.054662358108388 -85.589199246511086 -85.141386393298021 -84.710209839799077 -84.294744204305701 -83.894142264002539 -83.507625947841106 -83.134478542091301 -82.774037937385017 -82.425690769782861 -82.088867329030094 -81.763037125146411 -81.447705020040203 -81.142407844273265 -80.846711430667497 -80.560208006386176 -80.282513893651071 -80.013267476531311 -79.752127397502335 -79.498770952750007 -79.252892659762381 -79.014202974578112 -78.782427139356088 -78.557304143721311 -78.338585785701369 -78.126035820088859 -77.919429183783322 -77.718551289102251 -77.523197377311647 -77.333171925663777 -77.148288102130607 -76.968367262786657 -76.793238487452442 -76.622738149756856 -76.456709518264844 -76.295002385721006 -76.13747272381265 -75.983982361159008 -75.83439868249296 -75.688594347239714 -75.546447025861752 -75.407839152557415 -75.272657693000099 -75.140793925973767 -75.012143237846061 -74.886604928939846 -74.76408203094438 -74.64448113458262 -74.527712226825273 -74.41368853700439 -74.302326391227339 -74.193545074552475 -74.087266700418681 -73.983416086871841 -73.881920639161351 -73.78271023831249 -73.68571713531189 -73.590875850568437 -73.498123078334942 -73.40739759580508 -73.318640176605811 -73.231793508441413 -73.146802114651052 -73.063612279457857 -72.982171976710148 -72.902430801915372 -72.824339907395185 -72.747851940387008 -72.672920983936763 -72.599502500438433 -72.527553277672027 -72.457031377217859 -72.387896085123671 -108.44692202038092 -144.37745776018303 -144.12393015309485 -143.87973053144322 -143.64433208395576 -143.41723570178161 -143.19796795529521 -142.98607922805309 -142.78114199333419 -142.58274922023239 -142.39051289753556 -142.20406266482431 -142.02304454123328 -141.8471197432487 -141.67596358373805 -141.50926444511117 -141.34672282022953 -141.1880504152042 -141.03296930874754 -140.88121116327542 -140.732516483323 -140.58663391723729 -140.44331959846377 -140.30233652302502 -140.1634539601057 -140.02644689288078 -139.89109548696504 -139.75718458406575 -139.62450321860965 -139.49284415527381 -139.36200344552429 -139.23178000137514 -139.10197518474007 -138.97239241082772 -138.84283676416985 -138.71311462593442 -138.58303331128539 -138.45240071560616 -138.32102496849163 -138.18871409446515 -138.0552756794431 -137.9205165419971 -137.78424240855901 -137.64625759169382 -137.50636467064788 -137.36436417340539 -137.22005425948947 -137.07323040280869 -136.92368507384424 -136.77120742050568 -136.61558294699353 -136.45659319003872 -136.2940153918704 -136.12762216931074 -135.95718117837572 -135.78245477377493 -135.60319966272152 -135.41916655243872 -135.23009979078265 -135.03573699937206 -134.83580869862902 -134.63003792413335 -134.41813983367351 -134.19982130438626 -133.97478051936397 -133.74270654309242 -133.5032788850823 -133.25616705104406 -133.00103008093498 -132.73751607320241 -132.46526169453017 -132.18389167437275 -131.89301828355252 -131.59224079617391 -131.28114493408273 -130.95930229308695 -130.62626975013004 -130.28158885057641 -129.92478517475604 -129.55536768290096 -129.1728280375001 -128.77663990223914 -128.36625821645427 -127.94111844415927 -127.50063579660089 -127.04420442727559 -126.57119659831689 -126.08096181711537 -125.57282594200873 -125.04609025582744 -124.50003050606131 -123.93389591035583 -123.34690812601706 -122.73826018215875 -122.1071153730868 -121.45260611146581 -120.77383273978111 -120.06986229855448 -119.33972724973906 -118.58242415366331 -88.448135502941611 -58.697553589847651 -58.492006217055305 -58.282658528252163 -58.069438620256243 -57.852273262845735 -57.6310878738404 -57.405806493737437 -57.176351759895113 -56.942644880253845 -56.704605606592139 -56.462152207304669 -56.215201439698532 -55.963668521798255 -55.707467103652853 -55.446509238135931 -55.18070535123254 -54.909964211803832 -54.634192900822107 -54.353296780068391 -54.067179460284031 -53.775742768769895 -53.478886716421762 -53.176509464198602 -52.868507289010374 -52.554774549020941 -52.23520364835516 -51.909685001202369 -51.578106995307238 -51.240355954837398 -50.896316102619807 -50.545869521733614 -50.188896116448433 -49.825273572496585 -49.45487731666384 -49.077580475684478 -48.693253834422421 -48.301765793317131 -47.902982325071854 -47.496766930554102 -47.082980593874964 -46.661481736605836 -46.232126171082989 -45.794767052737932 -45.34925483137922 -44.895437201333166 -44.433159050329408 -43.962262406989986 -43.482586386747634 -42.993967135975261 -42.496237774059395 -41.989228333081698 -41.472765694693912 -40.946673523671222 -40.410772197502574 -39.864878731221388 -39.308806696489832 -38.742366133705275 -38.165363455605949 -37.577601340479276 -36.978878612621621 -36.368990107128212 -35.747726515388237 -35.114874206786119 -34.470215021025822 -33.813526024149994 -33.14457921966001 -32.463141204074553 -31.768972753701519 -31.061828326221189 -30.341455456737325 -29.60759402306914 -28.859975349002596 -28.098321106711722 -27.322341970257046 -26.531735960532686 -25.726186407736478 -24.905359439713848 -24.068900882558182 -23.216432432620412 -22.347546925327414 -21.46180248437517 -20.558715283006009 -19.637750584809449 -18.698311651820642 -17.739726008952914 -16.761228431416601 -15.761939870090407 -14.740841341802778 -13.696741578457418 -12.628236940117887 -11.533661739195711 -10.411026679205747 -9.2579425616431923 -8.0715257329646235 -6.8482808988988255 -5.5839558863030465 -4.2733616350941936 -2.9101490944067319 -1.486532703676255 -0.25688633564787433





