# Created by Octave 5.2.0, Fri Sep 04 02:25:26 2020 CEST <tkanas@tkanas>
# name: solutions
# type: cell
# rows: 1
# columns: 12
# name: <cell-element>
# type: matrix
# rows: 201
# columns: 1
 0.6197573683167833
 0.60242093296086641
 0.60670856254444883
 0.59882806770389729
 0.59541641724743211
 0.57770499906269335
 0.56594467126226122
 0.55391758579331518
 0.5420172519485269
 0.53054101754382876
 0.51969592324692004
 0.5096112817871199
 0.5003540634149688
 0.49194410447540443
 0.484367530103331
 0.47758775883100701
 0.47155403174720067
 0.46620812392089289
 0.45670527085838519
 0.45734409070146997
 0.45356556129909481
 0.45024549471633457
 0.44733098192349791
 0.44477405163269873
 0.44253151627897164
 0.44056489174204311
 0.43884014561156343
 0.43732735837149767
 0.43600034634455154
 0.43483627590069318
 0.43381528707448891
 0.43292013758158754
 0.43213587351746641
 0.43144952984140411
 0.43084986159152133
 0.43032710533424928
 0.42987276941561919
 0.42947945101454432
 0.42914067768200415
 0.42885077093097629
 0.42860472944224759
 0.42839812953679846
 0.42822704071262346
 0.42808795421856921
 0.42797772282190155
 0.42789351013080762
 0.42783274801267002
 0.42779310083452138
 0.4277724354192679
 0.42777870895357861
 0.42781643479075881
 0.42784329624472656
 0.42788226981543681
 0.42793192774232164
 0.42799093979082137
 0.42805806305848493
 0.42813213286220847
 0.4282120544638216
 0.42829679542490523
 0.42838537841746627
 0.42847687434129028
 0.42857039561783189
 0.42866508955380206
 0.42876013166599003
 0.42884834932257987
 0.63896904178676595
 0.61124778466439378
 0.59369501983095407
 0.58209911725675068
 0.57427953594773684
 0.56899275318872533
 0.56547907446757428
 0.56324758641804806
 0.56196572163151592
 0.56139863739174378
 0.56536857296028842
 0.56184184699491635
 0.56261221673826189
 0.56361750437598068
 0.56479736629638488
 0.56610274479306655
 0.56749353584905116
 0.56893679842993972
 0.57040543380823139
 0.57187718702982904
 0.57333387190836338
 0.57476075517158254
 0.57614605848832101
 0.57748055175922464
 0.57875721899861488
 0.5799709808226241
 0.58111845712212462
 0.5821977528685488
 0.58320825211106664
 0.58415041137837542
 0.5850255523333231
 0.58583566110140439
 0.58658320503066486
 0.58727097604819378
 0.58790196516124915
 0.58847926768171133
 0.58900601532722263
 0.58948532990916158
 0.58992029327572804
 0.5903139288188971
 0.59066919061590017
 0.59098895696425058
 0.5912760257199221
 0.59153310956259586
 0.59176283005830732
 0.59196771015921612
 0.59215016540593413
 0.59231249453206913
 0.59245687033356742
 0.59258533161012927
 0.59269977677639063
 0.5928019594602959
 0.59289348613422277
 0.59297581561451318
 0.59305026011626427
 0.59311798747835753
 0.59318002417047433
 0.59323725870239064
 0.59329044511928941
 0.59334020631052709
 0.59338703691471539
 0.59343130566464952
 0.59347325703877385
 0.5935130121377461
 0.59355056871888312
 0.59358580034592334
 0.59361845462943308
 0.59364815054188913
 0.59367437480627727
 0.5936964773659904
 0.59371366595722619
 0.59372499981516147
 0.5937293825679153
 0.59372555439389363
 0.5937120835406855
 0.59368735735139622
 0.59364957298212073
 0.59359672805519514
 0.59352661155589415
 0.59343679535523253
 0.59332462681157949
 0.59318722297016779
 0.59302146692045532
 0.59282400699437399
 0.59259126764103787
 0.59231962287003792
 0.59200655092187027
 0.59166101622810152
 0.5914839920629803
 0.59208496235760799
 0.59173336598010917
 0.59144977796178788
 0.59189340121624101
 0.59151743609527097
 0.59181087874446925
 0.59188562736030259
 0.59304246730636523
 0.59214225048885871
 0.59099974083958695
 0.59291952108297274
 0.59262123883561502
 0.59162560308596668
 0.5905081634551097
 0.59024144915587506
 0.59260578377156214
 0.59174163515964473
 0.59161847002735213
 0.59190730754768861
 0.59340982187332847
 0.59029652090682816
 0.59286833602907052
 0.5898816333494058
 0.59307816600928931
 0.59255161908260345
 0.58974939630660639
 0.59331768470791824
 0.5918894959810922
 0.59375756248568734
 0.58977269810213373
 0.59243838153623307
 0.58962919352833321
 0.59247318608067501
 0.58788827749864736
 0.58443837492151429
 0.58204333717252343
 0.58071032667336631
 0.58047240306401726
 0.58128841965916012
 0.5828415006305544
 0.58409634734400817
 0.58233449691072614
 0.57114931272846059
 0.53652035565039125
 0.44774859911439041
 0.21650474596169342
 0



# name: <cell-element>
# type: matrix
# rows: 201
# columns: 1
 0.085235754254353868
 0.084497528797669308
 0.090956638437770382
 0.094594998590227672
 0.10156093258781443
 0.1019761429708395
 0.10555062535734556
 0.10905817361308183
 0.11247900778566991
 0.11579620663696699
 0.11899574596129116
 0.12206629459845855
 0.12499889604925177
 0.12778661804405256
 0.13042421593371545
 0.13290783044430612
 0.13523472480861121
 0.13740305783594098
 0.13474052164780512
 0.14120094782421094
 0.14289400112718309
 0.14442640496697215
 0.14579814852958295
 0.1470091217357849
 0.14805895803205915
 0.14894687182313479
 0.14967148929754501
 0.15023067154218517
 0.15062132884474527
 0.15083922492109003
 0.15087876949151982
 0.15073279726270783
 0.15039233090884221
 0.14984632518080823
 0.14908138882292335
 0.14808148068338933
 0.14682757675174551
 0.14529730746705127
 0.1434645753170623
 0.14129920187781403
 0.13876679301098493
 0.13582773920982735
 0.53261006402344679
 0.5296929146966558
 0.53693856289150077
 0.62093366189476029
 0.60673752517235435
 0.59723069380050242
 0.59196120183095113
 0.59122791095524918
 0.59272569553054022
 0.58982123696380151
 0.59351091226490282
 0.59094758593874719
 0.59210334960944322
 0.59200533488876284
 0.5915673773772222
 0.59185708839820028
 0.59205733347031075
 0.59159350241499964
 0.59211448711389758
 0.59189007153886319
 0.59148614313025893
 0.59131026305619183
 0.59078762133736007
 0.59030299811076714
 0.58989927153304134
 0.58956248302125425
 0.58928112707684155
 0.58904592695562052
 0.58884939344152176
 0.58868548615750915
 0.58854935280581078
 0.58843712884196098
 0.58834588133528531
 0.59026412257106387
 0.58817084057356661
 0.58808571541857324
 0.58801307302693351
 0.58795120991880812
 0.58789884034289808
 0.58785494312082587
 0.5878187167249963
 0.58778954314540577
 0.58776695841442606
 0.58775062852102633
 0.58774032986903169
 0.58773593374904487
 0.58773739428343397
 0.58774473953821271
 0.58775806551642595
 0.58777753274525435
 0.58780336528578347
 0.58783585187570742
 0.58787534893312388
 0.58792228505687993
 0.5879771664662472
 0.58804058270721005
 0.5881132116633857
 0.58819582263621595
 0.58828927594512592
 0.58839451715314317
 0.58851256373635774
 0.58864448183287654
 0.58879135069378397
 0.58895421289765015
 0.58913400927721815
 0.58933149921830097
 0.58954716965646847
 0.58978113966025036
 0.59003307170805197
 0.59030210456142584
 0.59058682421576547
 0.5908852861879027
 0.59119509196340603
 0.59151350400142444
 0.59183756051500735
 0.59216413183029881
 0.59248985689606004
 0.59281092258516666
 0.59312270174005466
 0.59341933645955958
 0.59369341583501178
 0.59393592404794715
 0.59413660531053469
 0.5942848026069173
 0.59437069067661241
 0.59438667061397565
 0.59432857583596965
 0.59419632703631575
 0.59399381833922049
 0.59372808699464408
 0.59340808192107986
 0.59304345016034277
 0.59264372813294774
 0.59221919000474843
 0.59178286982953998
 0.59137083099846077
 0.59154121373111412
 0.59237962148944767
 0.59260811219967813
 0.5920886882367995
 0.59153214642415908
 0.59103170118162207
 0.59109424517585707
 0.5919206067283771
 0.59188483236411127
 0.59230366362055908
 0.59179214782182588
 0.59126736552030656
 0.59268780952052746
 0.59247899384171199
 0.5919193636675365
 0.59139973436874316
 0.59234854833969075
 0.59103947293190584
 0.59133333675587696
 0.59128055892758502
 0.59193132896139444
 0.59199952976305459
 0.59176898870826111
 0.59179385239113536
 0.59200478020053304
 0.59160490281665046
 0.59176719947462053
 0.59197348417637563
 0.59178855104777828
 0.59167342773930609
 0.59180418846591509
 0.59173243156149158
 0.59186515849612353
 0.59185023856992602
 0.59166652546214105
 0.59183044882738522
 0.59174506483141376
 0.59187853779858601
 0.59172287228168374
 0.59179137122442715
 0.59177890844128744
 0.59172263348765697
 0.5916598159356915
 0.59357901719019401
 0.59276802501088088
 0.59035939938168247
 0.58987411856211769
 0.59348929850104848
 0.59101772993972246
 0.5935933081806527
 0.59004608365898181
 0.59233663916364332
 0.59183340598562961
 0.59173257069881702
 0.59183671871856181
 0.59179726899721741
 0.59157709239709644
 0.5917942425625099
 0.59174633486544614
 0.59204655558047159
 0.59323323876819711
 0.57829140602049345
 0.40000000000000002



# name: <cell-element>
# type: matrix
# rows: 401
# columns: 1
 0.46551091623843188
 0.50888888640097285
 0.46258815057849895
 0.49283976836358639
 0.49681886570934158
 0.50038319877379112
 0.50352636350164748
 0.50624538772323535
 0.50853920924408147
 0.53246608259472861
 0.51198071943023138
 0.51303681296064785
 0.51370380534005833
 0.51399913226432559
 0.51394151889264028
 0.51355172176449149
 0.51285209351683148
 0.51186614775138362
 0.51061813971175551
 0.50913267451233235
 0.50743435108956436
 0.50554744700725207
 0.50349564670015345
 0.5013018137192683
 0.49898780595885778
 0.49657433167497278
 0.4940808432692555
 0.49152546524815965
 0.48892495243492334
 0.48629467433158896
 0.48364862146836701
 0.48099942956762587
 0.47835841731070416
 0.47573563336621644
 0.47313990795023581
 0.47057890338517527
 0.46806073680052246
 0.45599802851794097
 0.46327448800194065
 0.46085050917105491
 0.45848738681084317
 0.4561863957042821
 0.45394962247132598
 0.45177855072652384
 0.44967414551602719
 0.44763692474861555
 0.44566702089342031
 0.44376423502708007
 0.44192808460021654
 0.44015784585195589
 0.43845259153539184
 0.43681122445872683
 0.43523250725085361
 0.43371508869720815
 0.43225752695788816
 0.43085830994984919
 0.42951587315468043
 0.42822861509706006
 0.42699491072339557
 0.42581312289331208
 0.42468161218178752
 0.42359874517809681
 0.42256290145078745
 0.42157247933193837
 0.42062590066727623
 0.41972161465940777
 0.41885810092031023
 0.41803387184217289
 0.41724747437873533
 0.41649749132349229
 0.41578254215927274
 0.41510128354767334
 0.41445240951646062
 0.41383465139581704
 0.41324677755163802
 0.41268759295260593
 0.41215593860769334
 0.41165069089973844
 0.41117076084501958
 0.41071509329615652
 0.41028266610829045
 0.40987248928288345
 0.4094836041009885
 0.40911508225715187
 0.40876602500060955
 0.40843556229135553
 0.40812285197405174
 0.40782707897649645
 0.40754745453107499
 0.40728321542364643
 0.40703362326976872
 0.40679796381891958
 0.40657554628450587
 0.40636570270268241
 0.4061677873143863
 0.40598117597347244
 0.40580526557796148
 0.40563947352104973
 0.40548323716470625
 0.40533601332985408
 0.40519727780486203
 0.40506652486933131
 0.40494326683264309
 0.4048270335840925
 0.40471737215771009
 0.40461384630476932
 0.40451603607903236
 0.40442353742961606
 0.40433596180278342
 0.40425293575316679
 0.404174100560729
 0.40409911185985165
 0.40402763926376994
 0.40395936602112836
 0.4038939886571612
 0.40383121663646804
 0.40377077203213846
 0.40371238920523123
 0.40365581482506852
 0.40651669222300241
 0.41385397553145636
 0.41394105806997233
 0.41403012791605343
 0.41411972083354642
 0.60988684485162803
 0.60087106992282846
 0.59322160013230618
 0.59110409474077841
 0.59209611812569651
 0.58960046193192039
 0.59387404116101317
 0.59147473841389686
 0.59178922221256758
 0.59118309930666257
 0.59353882501805555
 0.59132329376155235
 0.59271254637110571
 0.58998982512290365
 0.59243206950455607
 0.59069250114696459
 0.59285744983896604
 0.59235593818583376
 0.5906290859142137
 0.59256667535783702
 0.59269344773490007
 0.59155818605649912
 0.5902525678891084
 0.59335929101734897
 0.5925461372187808
 0.59157420961780061
 0.59477329390072065
 0.58994618952107614
 0.58928535961734341
 0.59339132427422892
 0.59291664661942722
 0.59248180790067084
 0.59209762211789729
 0.59175746239790916
 0.59145256573271809
 0.59117816433410053
 0.59094896463374935
 0.59075963387732588
 0.59060038918895086
 0.59046712171200721
 0.59035719733156944
 0.59026837595663884
 0.59019863441110865
 0.59014613120000081
 0.59010918754011688
 0.59008627137837566
 0.59007598321890919
 0.59007704348584844
 0.59008828123316415
 0.59010862403450004
 0.59013708892308292
 0.59017277425311521
 0.59021485238033322
 0.59026256306661606
 0.59031520753653721
 0.59037214310470454
 0.5904327783201031
 0.59049656857102628
 0.59056301209989182
 0.59063164638999099
 0.59070204488174949
 0.59077381399023543
 0.59084659038958864
 0.59092003854111674
 0.5909938484389673
 0.59106773355533548
 0.59114142896253929
 0.59121468961848389
 0.59128728879798353
 0.59135901665773394
 0.59142967892125586
 0.59149909567448
 0.59156710025973369
 0.59163353826228826
 0.59169826657768443
 0.59176115255554129
 0.59182207321141789
 0.59188091450122193
 0.5919375706536939
 0.59199194355437401
 0.59204394217714396
 0.59209348206082324
 0.59214048482462156
 0.59218487772099782
 0.5922265932227887
 0.59226556864005842
 0.59230174576696815
 0.59233507055392443
 0.59236549280454454
 0.5923929658948256
 0.59241744651267025
 0.59243889441672792
 0.59245727221332067
 0.59247254514907244
 0.59248468091862594
 0.59249364948760164
 0.59249942292728808
 0.59250197526217563
 0.59250128232932353
 0.59249732164733571
 0.59249007229632134
 0.59247951480579353
 0.59246563105156513
 0.59244840415589783
 0.59242781838072234
 0.59240385897612735
 0.59237651188714302
 0.59234576307890674
 0.59231159704879366
 0.59227399395012292
 0.59223292510806869
 0.59218834803350451
 0.59214020446089388
 0.59208842796458971
 0.59203297260255228
 0.59197388218546765
 0.59191139788178859
 0.59184592383243484
 0.59177755353456241
 0.59170583683472355
 0.59163042457875714
 0.59155105738865721
 0.59146652354168672
 0.59138102313788976
 0.59131043154237306
 0.59125362287377881
 0.59120761073050609
 0.59115405016271982
 0.59127398741461457
 0.59152532421800919
 0.59165504148692061
 0.59178823826181048
 0.59205128126287032
 0.59248150762630436
 0.59273935600673022
 0.59270993166349173
 0.5925509341216455
 0.5923615754774193
 0.59216903935441767
 0.59197699260302339
 0.59178314135774912
 0.59157921414473313
 0.59135003825393495
 0.59118141770069288
 0.59104047313902475
 0.59090328564029304
 0.59101711747297492
 0.59190560028183492
 0.59244931971858072
 0.59235502331354128
 0.59208460421255926
 0.59180365882167862
 0.59154258245354541
 0.59134014211952912
 0.59127562345338791
 0.59153692313824091
 0.59203531413591093
 0.59202535909080189
 0.59173322441300868
 0.5915025271950336
 0.5918555486127739
 0.59253554969308575
 0.5924247106859073
 0.59211428569348779
 0.59181327538330442
 0.59151347952927902
 0.59127799348095111
 0.59118600600460891
 0.59149927242411893
 0.59193390460148021
 0.59179321365927318
 0.59166589500394384
 0.59206829717727494
 0.59217476633053767
 0.59187095594848238
 0.59154273279138647
 0.59149976176005359
 0.59228002921974998
 0.59236056053123476
 0.59204073960189285
 0.59171037403701354
 0.59141708494997047
 0.59120337506461251
 0.59143088420884404
 0.59197701200189912
 0.59187615999339649
 0.59160108481146101
 0.59136520491171474
 0.59110772044335902
 0.59078810598731579
 0.59046261145842716
 0.59014950934948129
 0.58984961221809384
 0.58956209379032332
 0.58928625711504012
 0.58902158575737973
 0.58876771439645137
 0.58852440406586826
 0.58829152269685281
 0.58806902971250452
 0.58785696371887808
 0.58765543258818964
 0.58746460539881351
 0.58728470583264991
 0.58711600671632658
 0.58695882547455647
 0.58681352030405609
 0.58668048692460995
 0.58656015578585008
 0.58645298964287684
 0.58635948140915817
 0.58628015223337715
 0.58621554973234125
 0.58616624633431413
 0.58613283767935509
 0.58611594103366516
 0.58611619366521961
 0.58613425113390927
 0.58617078543530632
 0.58622648293772828
 0.58630204203882086
 0.58639817045109488
 0.58651558202075538
 0.58665499294723622
 0.58681711726154173
 0.58700266137819346
 0.58721231750033698
 0.5874467556120242
 0.58770661372577815
 0.58799248598729059
 0.58830490814342351
 0.58864433977371844
 0.58901114254661302
 0.58940555359084101
 0.589827652873541
 0.59027732320505266
 0.59075420119165478
 0.5912576170431183
 0.59178652067091742
 0.59233939089353704
 0.59291412381862496
 0.5935078955281573
 0.59411699302593124
 0.5947366059465059
 0.59536056971706441
 0.59598104859122392
 0.59658814417215977
 0.59716941153409886
 0.59770926072113817
 0.59818821604539407
 0.59858199901142717
 0.59886039265895286
 0.59898583537659911
 0.59891168063423195
 0.59858004546386667
 0.59791915501037718
 0.59684007350375012
 0.59523277925885454
 0.59297009816142943
 0.5903304091320789
 0.59175400658594002
 0.59239130478225588
 0.59390562507328881
 0.58971194212675559
 0.59632299946957401
 0.58067658653630128
 0.59757203386258662
 0.57145864230761079
 0.53983882779267978
 0.50151074013046582
 0.45509741145919586
 0.39909486334163613
 0.33195321930761323
 0.25227026008746345
 0.15919159828600241
 0.053447823892973451
 0



# name: <cell-element>
# type: matrix
# rows: 401
# columns: 1
 0.077636399166304257
 0.087742623719127194
 0.07817776112116491
 0.085585496271581393
 0.087342061297585288
 0.089103210383671333
 0.090866915587617211
 0.092630793468149758
 0.094392202458234209
 0.10272383322364875
 0.098012870584896383
 0.099749462993648022
 0.10147222367715127
 0.10317852847583629
 0.10486588844026258
 0.10653198071762486
 0.10817466048097028
 0.10979196594334448
 0.11138211799607727
 0.11294351577520811
 0.11447472935091987
 0.11597449045034722
 0.11744168200756634
 0.11887532713102926
 0.12027457793229863
 0.12163870454045472
 0.12296708452184042
 0.12425919283458724
 0.12551459239834536
 0.12673292528715846
 0.12791390455557841
 0.12905730664031273
 0.13016296427801227
 0.13123075987499752
 0.13226061922617249
 0.13325250545090828
 0.13420643333415266
 0.12600938269948916
 0.13594239085599866
 0.13678437602314142
 0.13758859637489748
 0.13835512114582937
 0.1390840425256476
 0.13977545165860422
 0.14042943447929529
 0.14104606738448755
 0.14162541278716001
 0.14216751456656179
 0.14267239342524826
 0.14314004214863305
 0.14357042077618576
 0.14396345166316285
 0.14431901444183404
 0.14463694086288043
 0.14491700951460265
 0.14515894040683719
 0.1453623894102806
 0.14552694253589665
 0.14565211004207479
 0.145737320354208
 0.14578191377951424
 0.1457851359932372
 0.14574613128661679
 0.14566393554002743
 0.14553746890853747
 0.14536552818647547
 0.1451467788269821
 0.14487974658477057
 0.14456280875147914
 0.14419418495474751
 0.14377192748679615
 0.1432939111398345
 0.14275782252727104
 0.14216114889237164
 0.14150116643947294
 0.14077492828845867
 0.13997925228653968
 0.13911070913795101
 0.13816561177041689
 0.13714000767022616
 0.13602967745509784
 0.13483014581299846
 0.13353671622255825
 0.13214455074455839
 0.12995296140225135
 0.63239102414230042
 0.62769843470807218
 0.62362860731713354
 0.62006021772093611
 0.61690842257858147
 0.61410628301984627
 0.61160057825232728
 0.60934857284454991
 0.60731558188580848
 0.60547315088824161
 0.60379769386462512
 0.60226946860609631
 0.60087179954482561
 0.59959048295690931
 0.59841332729125973
 0.59732979440973155
 0.59633071685422623
 0.59540807290823916
 0.59455480600715671
 0.59376467992229121
 0.59303223607582201
 0.59235339494071804
 0.59172760932143031
 0.5911755323504817
 0.59096275335723059
 0.59192660424135934
 0.59291861101266685
 0.59255807627705659
 0.59204761606549616
 0.59162023782393292
 0.59119922009514092
 0.5910329560124834
 0.5917185915470845
 0.59275914433372645
 0.59260206022402728
 0.59219380853267944
 0.59179785905567761
 0.59143493411584658
 0.59124339097067879
 0.59113385486867842
 0.59153720726435688
 0.59152748953764422
 0.59182438592367326
 0.5919268934600207
 0.59193662128078905
 0.59192393202289351
 0.59188753248931614
 0.59184545208694816
 0.59182526232783916
 0.5917738125463371
 0.59173926967696522
 0.59174262390044174
 0.59169558362771024
 0.59161427180529336
 0.5915634228404163
 0.59151071327883953
 0.59141127790456083
 0.59129362902952054
 0.59117823016845905
 0.5910704505029265
 0.59097081283214181
 0.5908788415414794
 0.59079394006277475
 0.59071554090618017
 0.59064311595365915
 0.60058621735597617
 0.5908079180981215
 0.59122094524244784
 0.59146466181623147
 0.59153897235377162
 0.59161551258340028
 0.591635139966878
 0.59159562561675616
 0.59153353579552503
 0.59146874042180064
 0.59140747907524971
 0.59135101265511347
 0.59129925933507499
 0.59125186383807726
 0.59120845375412534
 0.59116868804557376
 0.59113226086629034
 0.59109889789943448
 0.59106835232243504
 0.59104040135185743
 0.59101484333869791
 0.59099149530295902
 0.59097019082286917
 0.59095077822098185
 0.59093311899117595
 0.59091708643589125
 0.59090256447533596
 0.59088944660702425
 0.59087763498967627
 0.59086703963688358
 0.59085757769990532
 0.59084917283409322
 0.59084175463127642
 0.59083525811398907
 0.59082962327918953
 0.59082479469153748
 0.59082072111309047
 0.59081735516994671
 0.59081465305023495
 0.59081257422982592
 0.59081108122164827
 0.59081013934827331
 0.59080971653384573
 0.59080978311362453
 0.59081031165953812
 0.59081127681882073
 0.59081265516982306
 0.59081442508290183
 0.59081656659840109
 0.59081906131108708
 0.59082189226391479
 0.59082504384979206
 0.59082850172188839
 0.59083225270868411
 0.59083628473719174
 0.59084058676104756
 0.59084514869329607
 0.59084996134510603
 0.59085501636819071
 0.59086030620077645
 0.5908658240193102
 0.59087156369091065
 0.59087751973117852
 0.59088368726365337
 0.59089006198339822
 0.59089664012064846
 0.59090341840934613
 0.5909103940562187
 0.59091756471317103
 0.59092492844870637
 0.59093248372464391
 0.59094022937163326
 0.59094816456712329
 0.59095628881465656
 0.59096460192386324
 0.59097310399169622
 0.59098179538461615
 0.59099067672188887
 0.59099974885938678
 0.59100901287325869
 0.59101847004663499
 0.59102812185341003
 0.59103796994540392
 0.59104801613848679
 0.59105826239900039
 0.59106871083095225
 0.59107936366294977
 0.59109022323511473
 0.5911012919869465
 0.59111257244317839
 0.59112406720232413
 0.59113577892237501
 0.59114771030757274
 0.59115986409537524
 0.59117224304155935
 0.59118484990596942
 0.59119768743789158
 0.5912107583598819
 0.5912240653519506
 0.59123761103447159
 0.59125139795002779
 0.59126542854588049
 0.59127970515282402
 0.59129422996590342
 0.59130900502231454
 0.5913240321779144
 0.59133931308348864
 0.59135484915892567
 0.5913706415658051
 0.59138669117907938
 0.59140299855588319
 0.59141956390371608
 0.59143638704542889
 0.59145346738344395
 0.59147080386015671
 0.59148839491766481
 0.59150623845361883
 0.59152433177476227
 0.59154267154780149
 0.59156125374748114
 0.59158007360049336
 0.59159912552680449
 0.59161840307721125
 0.59163789886686813
 0.59165760450449123
 0.59167751051801076
 0.59169760627532564
 0.59171787989937785
 0.59173831817988154
 0.59175890647792118
 0.59177962862591194
 0.59180046682125642
 0.591821401512998
 0.59184241128339499
 0.59186347272049888
 0.59188456028382597
 0.59190564616310282
 0.59192670012724802
 0.59194768936509279
 0.59196857831691652
 0.59198932849590802
 0.59200989829911843
 0.59203024280793326
 0.59205031357584326
 0.59207005840572069
 0.59208942111228968
 0.59210834127243495
 0.5921267539605185
 0.59214458946859982
 0.59216177301030926
 0.59217822440923384
 0.59219385776731637
 0.59220858111662877
 0.59222229605027732
 0.59223489733215118
 0.59224627248549344
 0.59225630135790586
 0.59226485566135834
 0.59227179848711098
 0.5922769837933779
 0.59228025586333244
 0.59228144873648314
 0.59228038561125174
 0.5922768782314104
 0.59227072628889454
 0.59226171693947294
 0.59224962467945674
 0.59223421215979288
 0.59221523308506108
 0.59219243907923946
 0.59216559264007385
 0.59213448649784362
 0.59209896371006532
 0.59205892232567991
 0.59201427826313335
 0.59196486056699915
 0.59191023544819266
 0.59184950344178466
 0.59178116034044692
 0.59170306452301435
 0.59161331730388678
 0.59152403133983111
 0.5914398330805124
 0.59134938942869242
 0.59133008845398682
 0.59149496854104822
 0.59139705649734242
 0.59127625276834872
 0.59152632996732202
 0.59225833164846209
 0.59229397947490459
 0.59203861498740906
 0.59174837868869556
 0.59150081942495436
 0.59170849816573201
 0.59236861669033303
 0.59221401692130171
 0.59180564704812488
 0.59138599283766857
 0.59142063346630658
 0.59250787425869444
 0.59219741906106416
 0.59162806439720406
 0.59115485535718526
 0.59197741236767898
 0.59181643962887576
 0.59139506619734816
 0.59158982483691935
 0.5918599229325292
 0.59238512967252965
 0.59188637943809896
 0.59137888296149177
 0.59173486997381219
 0.59184137283754101
 0.59180125430397723
 0.59177483962777933
 0.59184712994131061
 0.59176558129075918
 0.5917357619603909
 0.59163973815239357
 0.59149056133233724
 0.59313930202350562
 0.59506087660500906
 0.59219080258625145
 0.58927371015422658
 0.59128463826685174
 0.59092597821907777
 0.59218077476220154
 0.59468816300772565
 0.59112207371187075
 0.58723206760143531
 0.5951176585331448
 0.59217143816983442
 0.59093438626517159
 0.59184679826399689
 0.59171400466855517
 0.59222391049111123
 0.59149376719381697
 0.59215581695129305
 0.59156551668396562
 0.59185779476216926
 0.59163932125264762
 0.59181219599989909
 0.59188790932613145
 0.59174269451230155
 0.59190977447579252
 0.59158314336243911
 0.59200122479720085
 0.5816285573945863
 0.47038376951556204
 0.40000000000000002



# name: <cell-element>
# type: matrix
# rows: 651
# columns: 1
 1.1081380489670607
 1.090570079415252
 1.1079988495045505
 1.1080392516205115
 1.1179305768164336
 1.103385405819765
 1.0997220939319836
 1.0955855430710433
 1.0911914353294294
 1.0866599965995731
 1.0820383778092313
 1.0773261717813774
 1.0725007378928868
 1.0675404536052733
 1.0624454811352204
 1.0572565618702712
 1.0520729081219826
 1.0470711554683212
 1.0371967896014724
 1.0387696591203768
 1.0362582683719379
 1.0359038911131402
 1.0387744063747801
 1.0463658199496932
 1.0608156464797522
 0.27417436288754454
 0.27482840041492629
 0.27544213756409724
 0.27605167085281251
 0.27665696735625772
 0.27725799667041795
 0.27785473063130978
 0.27844714317354796
 0.27903521019818417
 0.27961890946522194
 0.28019822047451043
 0.28077312436671353
 0.28134360383204937
 0.2819096430132042
 0.28247122743751979
 0.28302834391735787
 0.28358098050219965
 0.28412912639814292
 0.28467277191186452
 0.2852119083862491
 0.28574652815778417
 0.28627662449576052
 0.28680219155685499
 0.28732322434521251
 0.28783971867115987
 0.28835167110916543
 0.28885907896127683
 0.28936194023000378
 0.2898602535751264
 0.29035401829695912
 0.29084323429503639
 0.29132790205426784
 0.29180802260933858
 0.29228359752639832
 0.29275462887731868
 0.29322111922214295
 0.29368307158575602
 0.29414048944009391
 0.29459337668022262
 0.29504173761965935
 0.29548557695851368
 0.29592489977949032
 0.29635971152101154
 0.29679001797285315
 0.29721582525500351
 0.29763713980907647
 0.29805396837908038
 0.29846631800335516
 0.29887419599959381
 0.29927760995362201
 0.2996765677078107
 0.30007107734709126
 0.30046114719536948
 0.30084678579569302
 0.30122800190412419
 0.30160480448020843
 0.30197720267435119
 0.30234520582308405
 0.30270882343064254
 0.30306806516973106
 0.30342294086490756
 0.30377346048916881
 0.30411963414782478
 0.30446147207802438
 0.3047989846378138
 0.30513218229374062
 0.30546107561415403
 0.30578567527070544
 0.30610599201418776
 0.30642203667859297
 0.30673382017205669
 0.30704135346437139
 0.30734464758390379
 0.30764371360859127
 0.30793856266442887
 0.30822920590416436
 0.30851565451948232
 0.30879791971780185
 0.30907601272533464
 0.30934994477812483
 0.3096197271107225
 0.30988537095925434
 0.31014688754867531
 0.3104042880860664
 0.31065758375822822
 0.31090678571967306
 0.31115190509807933
 0.31139295297566766
 0.31162994039097125
 0.31186287832995202
 0.31209177772428798
 0.31231664943988308
 0.31253750427957344
 0.31275435296634424
 0.31296720614973139
 0.31317607439599809
 0.31338096818306921
 0.31358189788961299
 0.31377887380078651
 0.31397190609647202
 0.31416100485043386
 0.31434618001879477
 0.31452744144501082
 0.31470479884804675
 0.3148782618150674
 0.31504783980767898
 0.31521354215245134
 0.31537537802918736
 0.31553335647893277
 0.31568748638982974
 0.31583777650003408
 0.31598423538758097
 0.31612687147252738
 0.31626569300524676
 0.31640070806630538
 0.31653192457007101
 0.31665935024593961
 0.31678299264643062
 0.31690285913679295
 0.31701895689590931
 0.31713129290896985
 0.31723987396411535
 0.31734470665273129
 0.3174457973620704
 0.31754315227031438
 0.31763677735043044
 0.31772667835864893
 0.31781286083388538
 0.3178953300973838
 0.31797409124346099
 0.31804914914635724
 0.3181205084426057
 0.3181881735401077
 0.31825214861176376
 0.31831243758562222
 0.31836904415661949
 0.31842197176620535
 0.31847122361025026
 0.31851680263702314
 0.31855871153482634
 0.31859695274114608
 0.31863152843234471
 0.31866244051792791
 0.31868969064882474
 0.31871328020673045
 0.31873321029957979
 0.31874948176847584
 0.31876209517386311
 0.31877105080235468
 0.31877634865788856
 0.31877798846324007
 0.31877596965676247
 0.3187702913881631
 0.31876095251830289
 0.31874795161808589
 0.31873128696217612
 0.31871095653316067
 0.31868695801157432
 0.31865928877989869
 0.31862794592134092
 0.31859292621272622
 0.31855422612784656
 0.31851184183126358
 0.31846576918135516
 0.31841600372220302
 0.31836254069545955
 0.31830537501763151
 0.31824450130213483
 0.31817991383997518
 0.31811160660416232
 0.31803957325782545
 0.31796380713702987
 0.31788430126381234
 0.31780104833658224
 0.31771404073131854
 0.31762327050781869
 0.31752872939853904
 0.31743040881563789
 0.31732829985036154
 0.31722239326303214
 0.31711267950153316
 0.31699914868820184
 0.31688179061831312
 0.31676059477062535
 0.31663555030217161
 0.31650664604652501
 0.31637387052414312
 0.31623721193115445
 0.31609665814773535
 0.31595219674960945
 0.31580381498210985
 0.31565149979244317
 0.31549523781549632
 0.31533501537819958
 0.31517081850609591
 0.31500263292212438
 0.31483044405399258
 0.31465423703853568
 0.31447399671569359
 0.3142897076478664
 0.31410135411329759
 0.31390892011586941
 0.31371238938923945
 0.31351174540026211
 0.3133069713640324
 0.31309805024015791
 0.31288496474497657
 0.31266769735850808
 0.31244623033596902
 0.31222054570915275
 0.31199062530763411
 0.31175645075217973
 0.31151800348567993
 0.31127526476847744
 0.31102821569888511
 0.31077683722696969
 0.31052111016558298
 0.3102610152081704
 0.30999653294126334
 0.30972764387068197
 0.30945432843287168
 0.30917656701849727
 0.30889433999374871
 0.30860762772272182
 0.30831641059831261
 0.30802066906172965
 0.30772038363538906
 0.30741553496235902
 0.30710610382450981
 0.30679207119416924
 0.30647341826699653
 0.30615012650975998
 0.30582217770265735
 0.30548955399615435
 0.30515223796388935
 0.30481021265606845
 0.30446346168318322
 0.30411196926692236
 0.30375572033518039
 0.30339470059903384
 0.3030288966452972
 0.30265829604948047
 0.30228288747332233
 0.30190266086564838
 0.30150887333942622
 0.32775524395933292
 0.33298427436763905
 0.33267906375151002
 0.33238293198512858
 0.3320887026038008
 0.33179640335232996
 0.3315060588635983
 0.33121769092569714
 0.33093131867242148
 0.33064695874118866
 0.33036462542597778
 0.33008433082876348
 0.32980608497802233
 0.32952989597590127
 0.32925577008955409
 0.32898371187210679
 0.32871372426584455
 0.32844580869161055
 0.3281799651371905
 0.32791619224050417
 0.32765448737096736
 0.32739484669981611
 0.32713726526904857
 0.3268817370514826
 0.32662825501912562
 0.32637681119671891
 0.32612739671355001
 0.32588000185720972
 0.32563461611858324
 0.32539122824056355
 0.32514982625729127
 0.32491039753653506
 0.32467292881818977
 0.32443740624666495
 0.32420381540766408
 0.32397214136781849
 0.32374236868633116
 0.32351448146592832
 0.32328846336288358
 0.32306429762580607
 0.32284196711297569
 0.32262145431699163
 0.32240274138695785
 0.32218581014905168
 0.32197064213409132
 0.32175721858716261
 0.321545520482167
 0.3213355285511767
 0.32112722329509374
 0.320920584996013
 0.32071559373557029
 0.32051222940253954
 0.32031047171891958
 0.32011030023223297
 0.31991169434980937
 0.31971463333077188
 0.31951909630255593
 0.31932506228160801
 0.31913251016657257
 0.31894141874917092
 0.31875176673497102
 0.31856353273930826
 0.31837669529515206
 0.31819123286347406
 0.31800712384212815
 0.31782434656283848
 0.31764287930515295
 0.31746270030042589
 0.31728378772629429
 0.31710611972731251
 0.31692967440573028
 0.3167544298317243
 0.31658036404738016
 0.31640745506284701
 0.31623568086980053
 0.31606501943466092
 0.31589544870242531
 0.31572694660491035
 0.3155594910571784
 0.31539305995463973
 0.315227631187042
 0.31506318262472072
 0.31489969213550567
 0.3147371375677806
 0.31457549676502622
 0.31441474755882198
 0.31425486777019812
 0.31409583521317413
 0.31393762768698003
 0.31378022298191527
 0.31362359887654923
 0.31346773313787168
 0.31331260351710383
 0.31315818775412563
 0.31300446356821138
 0.31285140866706107
 0.31269900073629969
 0.3125472174404223
 0.31239603642264135
 0.31224543530229454
 0.31209539167300104
 0.31194588309849131
 0.31179688710969339
 0.3116483812085955
 0.31150034286136835
 0.31135274949197322
 0.31120557848605834
 0.31105880718418194
 0.3109124128809736
 0.31076637282112551
 0.31062066419152073
 0.31047526413438187
 0.31033014971876083
 0.31018528629508207
 0.31029023023490027
 0.31019256135419015
 0.31005001107247249
 0.30990764659684805
 0.30976544245940452
 0.30962337528704603
 0.30948142161847514
 0.30933955788925771
 0.3091977604428171
 0.30905600551410917
 0.3089142692348868
 0.30877252762260016
 0.30863075657451361
 0.30848893186892795
 0.30834702915862094
 0.30820502396040872
 0.30806289165537815
 0.30792060748461403
 0.30777814654020269
 0.30762804019089196
 0.32719135329527416
 0.3269539441711074
 0.32671960373059716
 0.32648573332113667
 0.3262522979564384
 0.32601926220535721
 0.32578659039196206
 0.32555424660035664
 0.32532219467627671
 0.3250903982392655
 0.32485882069162553
 0.32462742520808363
 0.32439617474940535
 0.32416503206665814
 0.32393395968416783
 0.32370291991560746
 0.32347187485396517
 0.32324078638007891
 0.32300961614607415
 0.32277832558225844
 0.32254687588745401
 0.32231522802751478
 0.32208334273010053
 0.32185118047935601
 0.32161870150776101
 0.32138586579535205
 0.32115263305272368
 0.32091896272598602
 0.32068481397914206
 0.32045014569094649
 0.3202149164516534
 0.3199790845395496
 0.31974260792882181
 0.31950544426778593
 0.31926755087678343
 0.31902888473489893
 0.31878940247049981
 0.3185490603518854
 0.31830781427287069
 0.31806561974943659
 0.31782243189895965
 0.31757820543505094
 0.31733289465706549
 0.31708645342822062
 0.31683883517575473
 0.31658999287047612
 0.31633987902146199
 0.31608844564954863
 0.31583564428860816
 0.31558142596347155
 0.31532574118085749
 0.31506853990846512
 0.31480977157251999
 0.31454938503012297
 0.31428732856316677
 0.31402354985985031
 0.31375799600215787
 0.31349061344802304
 0.31322134801406104
 0.31295014486407302
 0.31267694848829236
 0.31240170269254369
 0.31212435057434418
 0.31184483451396
 0.31156309614486005
 0.31127907635672619
 0.31099271525152278
 0.31070395214879715
 0.31041272555252686
 0.31011897314104886
 0.30982263174297697
 0.30952363731717197
 0.30922192494341366
 0.30891742879064993
 0.30861008210094232
 0.30829981717359184
 0.30798656533864482
 0.30767025694578842
 0.30735082132756492
 0.3070281867898435
 0.30670228059023585
 0.30637302891250678
 0.30604035684738307
 0.30570418836564905
 0.30536444629742576
 0.30502105231504534
 0.30467392690010597
 0.30432298932998952
 0.30396815764634544
 0.3036093486322029
 0.30324647779749286
 0.30287945934035915
 0.30250820612857077
 0.30213262968180932
 0.30175264013372094
 0.30136814621725266
 0.30097905523308283
 0.30058527302599264
 0.30018670395898123
 0.29978325089115943
 0.2993748151407411
 0.29896129647286057
 0.29854259306178343
 0.29811860147061975
 0.29768921662613362
 0.29725433178593019
 0.29681383851934184
 0.29636762667768884
 0.29591558436813747
 0.2954575979301643
 0.29499355190889404
 0.29452332902986422
 0.29404681017649786
 0.29356387436545511
 0.29307439872433078
 0.29257825847000218
 0.29207532688784354
 0.29156547531359478
 0.29104857311544607
 0.29052449197316815
 0.28996471837222698
 0.70576176102968979
 0.67520859665631072
 0.65726452792406487
 0.64553759517381659
 0.63761870267528464
 0.63204537143978645
 0.62791337073530706
 0.62466095212308759
 0.62194200918508868
 0.61954791860321368
 0.61735771295275232
 0.6153056473895957
 0.61335990205376389
 0.61150862210002321
 0.6097508722563062
 0.60809090144371625
 0.60653462946970416
 0.60508760934023953
 0.60375395186497294
 0.60253586137237203
 0.60143354486861877
 0.60044533634051456
 0.5995679330007051
 0.59879667808437953
 0.59812585036665511
 0.59754893754610605
 0.59705888164781984
 0.59664829154109611
 0.59630962188796843
 0.59603532023111916
 0.59581794518775433
 0.59565025923497839
 0.59552529965385403
 0.59543643103081323
 0.59537738242715466
 0.59534227195833145
 0.59532562118642807
 0.59532236134967786
 0.59532783314140725
 0.59533778146123639
 0.59534834628003208
 0.59535605055260798
 0.59535778590629485
 0.59535079668034541
 0.59533266277267261
 0.59530128165850227
 0.59525484990005895
 0.59519184445934936
 0.59511100412566531
 0.59501131140843488
 0.59489197526582349
 0.59475241504136689
 0.59459224592618476
 0.59441126614006778
 0.59420944583637791
 0.59398691746743237
 0.59374396712590327
 0.59348102615906617
 0.59319866235465335
 0.59289757012903399
 0.5925785594946118
 0.59224254402872956
 0.59189052849265966
 0.59152359706422741
 0.59114290325465624
 0.59074966247621274
 0.59034514797336113
 0.58993069049492952
 0.58950768173958201
 0.58907758132388732
 0.58864192680893324
 0.58820234617489886
 0.58776057204605825
 0.58731845692465279
 0.58687798867057961
 0.58644130544908113
 0.58601070937366773
 0.58558867807711334
 0.58517787345053285
 0.58478114682761984
 0.58440153990704469
 0.58404228076553844
 0.58370677434218554
 0.58339858683063406
 0.58312142344309004
 0.58287909903503987
 0.58267550111002031
 0.58251454472975084
 0.58240011889876531
 0.58233602403851059
 0.58232590027074493
 0.58237314638415705
 0.58248082960284675
 0.58265158662159378
 0.58288751687799523
 0.58319006971377163
 0.58355992801077283
 0.58399689214381167
 0.58449976974249362
 0.58506627894818886
 0.58569297567925804
 0.58637521908508672
 0.58710719403958089
 0.58788201537812201
 0.58869194585122941
 0.58952876840572355
 0.59038436325063437
 0.59125155015305142
 0.59212526383177788
 0.59300412864905505
 0.59389247303392423
 0.59480274039457814
 0.59575803547249007
 0.59679401997363168
 0.59795813892455185
 0.59930127656075427
 0.60085013072470339
 0.60253222851580579
 0.60398542338945749
 0.60408439071205966
 0.59977436888525038
 0.58434421652141244
 0.58957471746570578
 0.45923988407979871
 0.18688121496379159
 0



# name: <cell-element>
# type: matrix
# rows: 651
# columns: 1
 0.1510785564802036
 0.14763673167612251
 0.15036797055725265
 0.15087194170982313
 0.15417642181711799
 0.1526612518913566
 0.1539215944676684
 0.15540331703807123
 0.15706785293192338
 0.15887278955878778
 0.16077593411776819
 0.1627377860953014
 0.16472278293014528
 0.1666997479921617
 0.16864188541476621
 0.1705265666758401
 0.17233507338685841
 0.17405236340543156
 0.17182084413458473
 0.17713785698423387
 0.1785464488821788
 0.17984077113392766
 0.18102691134656684
 0.18211888295654344
 0.18314309438430312
 0.041479742749038907
 0.041518142503802834
 0.041554692162784526
 0.041590735026775946
 0.041626270364144936
 0.041661297669860438
 0.041695816541131324
 0.041729826667062909
 0.041763327818912746
 0.041796319841356872
 0.041828802644113275
 0.041860776194305324
 0.041892240509320354
 0.041923195650446499
 0.041953641716513924
 0.041983578838540522
 0.042013007174220802
 0.042041926903228749
 0.042070338222642396
 0.042098241342619365
 0.042125636482645425
 0.0421525238676414
 0.042178903724690062
 0.042204776279785292
 0.042230141754758407
 0.042255000364432499
 0.042279352314120514
 0.042303197796897375
 0.042326536991355079
 0.042349370059415935
 0.042371697144012392
 0.042393518367347574
 0.042414833828731624
 0.042435643602861672
 0.042455947738109422
 0.042475746254811743
 0.042495039143670747
 0.042513826364233454
 0.042532107843378332
 0.042549883473963802
 0.042567153113242343
 0.042583916581821181
 0.04260017366207549
 0.042615924097090183
 0.042631167589281739
 0.042645903799223187
 0.042660132344483973
 0.042673852798459325
 0.042687064689250938
 0.042699767498469342
 0.04271196066024923
 0.04272364356000246
 0.042734815533496187
 0.04274547586561106
 0.042755623789455383
 0.042765258485227699
 0.042774379079157321
 0.042782984642518292
 0.042791074190512479
 0.042798646681396067
 0.042805701015268219
 0.04281223603313325
 0.042818250515912808
 0.042823743183344469
 0.04282871269302501
 0.042833157639366008
 0.042837076552502733
 0.04284046789734048
 0.042843330072570046
 0.042845661409418499
 0.042847460170880321
 0.042848724550466184
 0.042849452671261688
 0.042849642584864074
 0.042849292270197979
 0.042848399632636189
 0.042846962502769342
 0.042844978635438839
 0.042842445708529867
 0.042839361322003444
 0.042835722996651004
 0.042831528173020966
 0.042826774210408466
 0.042821458385524314
 0.042815577891487065
 0.042809129836661942
 0.042802111243371688
 0.042794519046840319
 0.042786350093988734
 0.042777601142148396
 0.042768268857912482
 0.042758349815892563
 0.042747840497545195
 0.042736737289723381
 0.042725036483655297
 0.04271273427345218
 0.042699826754944444
 0.042686309924373285
 0.042672179676887877
 0.042657431805456121
 0.04264206199936367
 0.042626065842827396
 0.042609438813650945
 0.042592176281962081
 0.042574273508390999
 0.042555725643146157
 0.042536527724239354
 0.042516674675966239
 0.042496161307759947
 0.042474982312374322
 0.042453132264498074
 0.042430605619184311
 0.042407396710304537
 0.042383499749108218
 0.042358908822399441
 0.042333617891144169
 0.042307620788836799
 0.04228091121979078
 0.04225348275750538
 0.042225328843143818
 0.042196442783684202
 0.042166817750463575
 0.042136446777217548
 0.042105322758679641
 0.042073438448703246
 0.042040786458547287
 0.042007359255310579
 0.041973149160055373
 0.04193814834626234
 0.041902348838035737
 0.041865742508391479
 0.041828321077658812
 0.04179007611181397
 0.041750999020736708
 0.041711081056825292
 0.041670313313206163
 0.041628686722354459
 0.041586192054480303
 0.041542819916358775
 0.041498560749811168
 0.041453404830451644
 0.041407342266685396
 0.041360362998587086
 0.041312456797022369
 0.041263613262910274
 0.041213821826824634
 0.041163071748370313
 0.041111352116318806
 0.041058651848672148
 0.041004959693209796
 0.04095026422817924
 0.040894553863678594
 0.040837816843273561
 0.040780041246118358
 0.040721214993129133
 0.040825959544997986
 0.083713272645418307
 0.083545344757707335
 0.083376765807752842
 0.083206206634963989
 0.083033651064206251
 0.082859082146300694
 0.082682482235781507
 0.082503833040183883
 0.082323115672433833
 0.082140310706461175
 0.081955398237130633
 0.081768357945057893
 0.081579169167450866
 0.081387810975283068
 0.081194262258340616
 0.080998501819457377
 0.080800508478527641
 0.080600261565165601
 0.080387904107547897
 0.48020352462708449
 0.47999197346475453
 0.4797933333946211
 0.47959771506730559
 0.47940507367268287
 0.47921536377670798
 0.47902853984617599
 0.47884455637577561
 0.47866336799749021
 0.47848492957391964
 0.47830919627673596
 0.478136123653642
 0.47796566768443571
 0.47779778482760721
 0.47763243205957345
 0.47746956690610903
 0.47730914746825309
 0.47715113244289709
 0.47699548113871287
 0.47684215348819209
 0.47669111005632203
 0.47654231204625969
 0.47639572130258961
 0.47625130031224144
 0.47610901220342905
 0.4759688207436556
 0.47583069033554154
 0.4756945860118259
 0.47556047342944296
 0.4754283188626432
 0.47529808919568961
 0.47516975191468791
 0.47504327509887773
 0.47491862741214835
 0.47479577809324541
 0.47467469694696751
 0.47455535433393708
 0.47443772116144067
 0.47432176887318295
 0.47420746943979547
 0.4740947953484464
 0.47398371959380958
 0.47387421566751203
 0.47376625754875445
 0.4736598196947982
 0.47355487703106036
 0.4734514049421451
 0.47334937926226744
 0.47324877626609901
 0.47314957265983021
 0.4730517455721252
 0.47295527254561681
 0.47286013152815115
 0.47276630086436705
 0.47267375928761307
 0.47258248591156821
 0.47249246022243185
 0.47240366207111317
 0.47231607166560446
 0.47222966956309942
 0.47214443666373135
 0.47206035420209563
 0.47197740374093783
 0.47189556716428582
 0.47181482667031455
 0.47173516476518856
 0.47165656425654212
 0.47157900824693932
 0.47150248012778867
 0.47142696357339642
 0.47135244253527581
 0.47127890123590888
 0.47120632416331848
 0.47113469606565395
 0.47106400194578524
 0.47099422705581551
 0.47092535689209103
 0.47085737719028503
 0.47079027392005091
 0.47072403328064949
 0.47065864169597277
 0.4705940858098534
 0.47053035248183206
 0.47046742878267378
 0.47040530198978475
 0.47034395958311603
 0.47028338924145996
 0.47022357883762184
 0.47016451643503171
 0.47010619028381834
 0.47004858881685074
 0.46999170064604545
 0.46993551455899757
 0.46988001951517239
 0.46982520464227184
 0.46977105923342893
 0.46971757274335729
 0.46966473478518539
 0.46961253512741669
 0.46956096369099465
 0.46951001054557778
 0.46945966590728205
 0.46940992013526472
 0.469360763728983
 0.46931218732565133
 0.46926418169714851
 0.46921673774737077
 0.46916984650958454
 0.46912349914415835
 0.46907768693562019
 0.46903240129025647
 0.46898763373423519
 0.4689433759097702
 0.46889961957462195
 0.46885635659837283
 0.46881357896111286
 0.46877127875049607
 0.46872944816005824
 0.46868807948707841
 0.46864716513015986
 0.46860669758745505
 0.46856666945473746
 0.46852707342313188
 0.46848790227735182
 0.46844914889385364
 0.46841080623884046
 0.46837286736659545
 0.46833532541765716
 0.46829817361703086
 0.46826140527222149
 0.46822501377195869
 0.46818899258412605
 0.46815333525460601
 0.46811803540504909
 0.4680830867318248
 0.46804848300431134
 0.46801421806308169
 0.46798028581872669
 0.46794668025045955
 0.46791339540425908
 0.46788042539173447
 0.46784776438874948
 0.46781540663376586
 0.46778334642662706
 0.46775157812747509
 0.46772009615489679
 0.46768889498535082
 0.46765796915097774
 0.4676273132390843
 0.46759692189064145
 0.46756678979886496
 0.46753691170858319
 0.46750728241434197
 0.46747789675963536
 0.46744874963584448
 0.46741983598071757
 0.46739115077766452
 0.46736268905438133
 0.46733444588179318
 0.46730641637307457
 0.46727859568258867
 0.46725097900476575
 0.46722356157297223
 0.46719633865877891
 0.46716930557047198
 0.46714245765297946
 0.46711579028572237
 0.46708929888232847
 0.46706297888958437
 0.46703682578660261
 0.46701083508335672
 0.46698500232030316
 0.46695932306739152
 0.46693379292288623
 0.46690840751258517
 0.46688316248901279
 0.46685805353054599
 0.46683307634041771
 0.466808226645962
 0.46678350019759562
 0.46675889276824067
 0.46673440015216777
 0.46671001816444285
 0.46668574263992241
 0.46666156943249665
 0.46663749441417868
 0.46661351347465396
 0.46658962251976399
 0.46656581747163034
 0.46654209426712362
 0.46651844885729332
 0.46649487720676358
 0.46647137529286026
 0.46644793910467969
 0.46642456464260174
 0.46640124791709636
 0.46637798494875826
 0.46635477176658535
 0.46633160440788074
 0.4663084789170488
 0.46628539134571106
 0.4662623377507904
 0.46623931419456999
 0.46621631674412933
 0.46619334146858021
 0.46617038444249165
 0.46614744174110745
 0.46612450944078099
 0.46610158362000781
 0.46607866035605888
 0.46605573572648384
 0.466032805806529
 0.46600986666996286
 0.4659869143872577
 0.46596394502571681
 0.46594095464818924
 0.46591793931258235
 0.46589489507056819
 0.46587181796817495
 0.46584870404377904
 0.46582554932788178
 0.46580234984252111
 0.46577910160035396
 0.46575580060391664
 0.46573244284504517
 0.4657090243040734
 0.46568554094903614
 0.46566198873505749
 0.46563836360346267
 0.46561466148137376
 0.46559087828073931
 0.46556700989730981
 0.46554305221046594
 0.4655190010822009
 0.46549485235639781
 0.46547060185801298
 0.46544624539235618
 0.46542177874440943
 0.46539719767818843
 0.46537249793535368
 0.46534767523566362
 0.46532272527455021
 0.46529764372414784
 0.46527242623084253
 0.46524706841586161
 0.46522156587365904
 0.46519591417121381
 0.46517010884750165
 0.46514414541287008
 0.46511801934733343
 0.46509172610090599
 0.46506526109184348
 0.46503861970668914
 0.46501179729852632
 0.46498478918678982
 0.46495759065611836
 0.46493019695579085
 0.46490260329865002
 0.46487480486009952
 0.46484679677765683
 0.46481857414962618
 0.464790132034748
 0.46476146545071734
 0.46473256937357027
 0.46470343873686731
 0.46467406843063613
 0.46464445330055121
 0.46461458814655127
 0.46458446772308426
 0.46455408673616394
 0.46452343984452504
 0.46449252165736682
 0.46446132673349649
 0.46442984958080269
 0.46439808465473548
 0.46436602635764268
 0.46433366903740114
 0.46430100698664767
 0.46426803444156944
 0.46423474558069433
 0.46420113452400485
 0.46416719533176665
 0.46413292200308837
 0.46409830847528821
 0.46406334862198284
 0.46402803625267791
 0.46399236511085512
 0.46395632887292937
 0.46391992114703234
 0.46388313547159427
 0.46384596531385169
 0.4638084040686683
 0.46377044505682546
 0.46373208152356277
 0.46369330663713115
 0.46365411348710683
 0.46361449508267066
 0.4635744443508733
 0.46353395413486476
 0.46349301719193442
 0.46345162619149011
 0.46340977371302378
 0.46336745224402676
 0.46332465417741081
 0.46328137180927426
 0.46323759733621217
 0.46319332285273657
 0.46314854034813169
 0.4631032417035007
 0.46305741868844391
 0.46301106295760353
 0.46296416604662444
 0.4629167193684115
 0.46286871420840286
 0.46282014172011166
 0.46277099292007906
 0.46272125868203234
 0.46267092973123103
 0.4626199966379031
 0.46256844980993372
 0.46251627948602669
 0.46246347572613333
 0.46241002840335499
 0.46235592730336328
 0.46229752562323118
 0.61308518904287201
 0.60704776866077881
 0.60403992719100119
 0.60179643698959961
 0.60007997068857954
 0.59873767850642667
 0.59766757264402071
 0.59679975778328698
 0.59608531899485673
 0.59548943883194938
 0.59498697513756826
 0.5945595355398251
 0.59419349713297309
 0.59387864203119722
 0.59360720452470273
 0.59337319882681872
 0.59317194096279746
 0.59299970641160893
 0.59285348335986088
 0.59273079361739489
 0.59262956158514057
 0.59254801746929242
 0.59248462501754318
 0.59243802694687864
 0.59240700327751272
 0.59239043923304147
 0.59238730036820031
 0.59239661328765436
 0.59241745078598851
 0.59244892055189968
 0.5924901567925468
 0.59254031426289322
 0.5925985642766175
 0.59266409233419248
 0.59273609704944186
 0.59281379008994017
 0.59289639687867079
 0.59298315783594602
 0.59307332996826179
 0.59316618864245441
 0.59326102940704395
 0.59335716975593722
 0.5934539507466744
 0.59355073841705142
 0.59364692495281679
 0.59374192958879501
 0.59383519922908956
 0.59392620879311719
 0.59401446129729496
 0.59409948769401499
 0.59418084649628544
 0.59425812321327798
 0.59433092963187828
 0.59439890297895248
 0.59446170499147433
 0.59451902092889253
 0.59457055855565721
 0.59461604711350913
 0.59465523630629602
 0.59468789530681443
 0.59471381179329963
 0.59473279101379029
 0.59474465486887995
 0.59474924099477422
 0.59474640182022964
 0.59473600356152456
 0.59471792510900434
 0.59469205675271541
 0.59465829868101039
 0.59461655918253242
 0.5945667524660645
 0.59450879601641471
 0.59444260738426613
 0.5943681003134601
 0.59428518009693643
 0.5941937380517831
 0.59409364500107686
 0.5939847436444522
 0.59386683970413578
 0.5937396917277088
 0.59360299943098427
 0.59345639046487131
 0.59329940549018745
 0.59313148144444094
 0.59295193288334036
 0.59275993130748661
 0.59255448336186456
 0.59233441893980598
 0.59209833115905475
 0.59184398947861916
 0.59156864904565287
 0.59127075566708642
 0.59101161184745399
 0.59188234772388693
 0.5926732696866247
 0.59222876162970606
 0.59154301177467794
 0.59091743780285322
 0.59069867633856721
 0.59232572583074916
 0.59189929337431557
 0.59182536993498591
 0.59180855334594229
 0.59176030929101708
 0.59164148197395483
 0.59287835151156743
 0.59279646343513337
 0.59090467318688666
 0.59334788042593967
 0.59131287778253283
 0.58923214752759301
 0.59444552826234764
 0.59172742305631687
 0.58908032089861795
 0.59379303434838471
 0.59196795430155014
 0.59079816196163282
 0.59094670165136132
 0.58626296700301306
 0.58153947938659356
 0.57654429378769911
 0.57053303665380006
 0.56101451163074267
 0.5393916514920003
 0.4711932171433677
 0.40000000000000002



# name: <cell-element>
# type: matrix
# rows: 201
# columns: 1
 0
 0
 0
 0
 0
 0
 0
 0
 0
 0
 0
 0
 0
 0
 0.72437975323627857
 0.72437975323627857
 0.72437975323627857
 0.72437975323627857
 0.72437975323627857
 0.72437975323627857
 0.71265640673128838
 0.71265640673128827
 0.71265640673128827
 0.71367731921331312
 0.71356794338413165
 0.5852671412575331
 0.57930916034846525
 0.57902174330362466
 0.57838566443887285
 0.57791515483426437
 0.57782206892746524
 0
 0
 0
 0
 0
 0.78518796391380952
 0.78518796391380952
 0.78518796391380952
 0.78518796391380952
 0.78518796391380952
 0.78518796391380952
 0.78518796391380952
 0.20736589498634414
 0.20736589498634414
 0.20736589498634414
 0.20736589498634414
 0.20736589498634414
 0.20736589498634414
 0.20736589498634414
 0.20736589498634414
 0.20736589498634414
 0.20736589498634414
 0.20736589498634414
 0.20736589498634414
 0.33982456802990757
 0.35392357929515739
 0.35392357929515739
 0.35392357929515739
 0.35269588609509406
 0.35269588609509406
 0.35269588609509406
 0.35269588609509406
 0.35269588609509406
 0.35269588609509406
 0.35269588609509406
 0.35269588609509406
 0.35269588609509406
 0.35269588609509406
 0.3516743989239503
 0.3516743989239503
 0.3516743989239503
 0.35269588609509406
 0.34462240174289149
 0.34564331422491634
 0.35067932712977523
 0.93174564822262262
 0.93174564822262262
 0.93174564822262262
 0.93174564822262262
 0.80086102927919334
 0.80086102927919334
 0.80086102927919334
 0.13487892002025273
 0.14558135404321801
 0.14558135404321801
 0.14446678096527507
 0.59238056121490634
 0.59238056121490634
 0.59238056121490634
 0.72157800593608123
 0.72157800593608123
 0.72157800593608123
 0.72157800593608123
 0.72157800593608123
 0.72157800593608123
 0.72157800593608123
 0.72099725825854877
 0.72053777723635759
 0.72053777723635759
 0.72053777723635759
 0.60020134526295621
 0.59897365206289277
 0.59999456454491784
 0.59999456454491784
 0.59867383067177915
 0.59772664264513087
 0.59269062974027198
 0.59269062974027209
 0.59166971725824713
 0.59166971725824713
 0.59166971725824713
 0.59166971725824713
 0.59166971725824713
 0.59166971725824713
 0.59166971725824713
 0.59166971725824713
 0.59166971725824713
 0.59269120442939094
 0.59269120442939094
 0.014639277064976535
 0.014352286258521491
 0.013330799087377719
 0.79949509326678248
 0.79949509326678248
 0.79949509326678248
 0.79949509326678248
 0.79949509326678248
 0.79851876300118718
 0.79963333607913012
 0.35294724902956215
 0.35294724902956215
 0.35294724902956215
 0.35294724902956215
 0.35294724902956215
 0.35192633654753719
 0.35192633654753719
 0.35192633654753719
 0.35192633654753719
 0.35192633654753719
 0.35192633654753719
 0.35171955582949882
 0.35171955582949882
 0.35171955582949882
 0.35171955582949882
 0.35171955582949882
 0.35171955582949882
 0.35171955582949882
 0.35171955582949882
 0.34668354292464004
 0.34668354292464004
 0.34668354292464004
 0.34668354292464004
 0.34668354292464004
 0.34668354292464004
 0.34668354292464004
 0.34668354292464004
 0.34668354292464004
 0.35171955582949882
 0.35171955582949882
 0.35171955582949882
 0.35171955582949882
 0.35171955582949882
 0.35171955582949882
 0.35171955582949882
 0.35171955582949882
 0.35192633654753719
 0.35192633654753719
 0.35192633654753719
 0.35192633654753719
 0.80714405160181413
 0.80714405160181413
 0.80714405160181413
 0.80714405160181413
 0.8081649640838392
 0.8081649640838392
 0.13487892002025273
 0.13487892002025273
 0.14558135404321801
 0.14331343214343106
 0.14331343214343106
 0.14331343214343106
 0.14331343214343106
 0.14331343214343106
 0.13261099812046578
 0.12757498521560698
 0.12757498521560698
 0.13261099812046578
 0.13261099812046578
 0.13261099812046578
 0.13261099812046578
 0.13487892002025273
 0.13487892002025273
 0.00280174730019747
 0
 0
 0
 0
 0
 0
 0



# name: <cell-element>
# type: matrix
# rows: 201
# columns: 1
 3
 3
 3
 2.9999999999999996
 3
 3
 3
 3
 3
 3
 3
 3
 3
 3
 3
 3
 3
 3
 3
 3
 3
 3
 3
 3
 3
 3
 3
 3
 3
 3
 3.0000000000000004
 3
 3
 3
 3
 3
 3
 3
 3
 3
 3
 3
 3
 3
 3
 3
 3
 3
 3
 3
 3
 3
 3
 3
 3
 3
 3
 3
 3
 3
 3
 3
 3
 3
 3
 3
 3
 3
 3
 3
 3
 3
 3
 3
 3
 3
 3
 3
 3
 3
 3
 3
 3
 3
 3
 3
 3
 3
 3
 3
 3
 3
 3
 3
 3
 3
 3
 3
 3
 3
 2.9999999999999996
 3
 3
 3
 3
 3
 3.0000000000000004
 3
 3
 3
 3
 3
 3
 3
 3
 3
 3
 3
 3
 3
 3
 3
 3
 3
 3
 3
 3
 3
 3
 3
 3
 3
 3
 3
 3
 3
 3
 3
 3
 3
 3
 3
 3
 3
 3
 3
 3
 3
 3
 3
 3
 3
 3
 3
 3
 3
 2.9999999999999996
 3
 2.9999999999999996
 3
 2.9999999999999996
 3
 3
 3
 3.0000000000000004
 3.0000000000000004
 3
 3
 3
 3
 3
 3
 3
 3
 3
 3
 3
 3
 3
 3
 3
 3
 3
 3
 3
 3
 3
 3
 3
 3
 3
 3
 3
 3
 3
 3
 3
 3
 3
 3
 2.8847873189478106



# name: <cell-element>
# type: matrix
# rows: 401
# columns: 1
 0
 0
 0
 0
 0
 0
 0
 0
 0
 0
 0
 0
 0
 0
 0
 0
 0
 0
 0
 0
 0
 0
 0
 0
 0
 0
 0
 0
 0
 0
 0
 0
 0
 0
 0
 0
 0
 0
 0
 0
 0
 0
 0
 0
 0
 0
 0
 0
 0
 0.21590865523057332
 0.21590865523057332
 0.21590865523057332
 0.21590865523057332
 0.21590865523057332
 0.21590865523057332
 0.21590865523057332
 0
 0
 0
 0
 0
 0
 0
 0
 0
 0
 0
 0
 0
 0
 0
 0
 0
 0
 0
 0
 0
 0
 0
 0
 0
 0
 0.82055862634288557
 0.82055862634288557
 0.81829669915047687
 0.81829669915047687
 0.81829669915047687
 0.69659716262045035
 0.62742891388094557
 0.61647428616063804
 0.61389761240817375
 0.60576339089886944
 0.60691189830472114
 0.60691189830472114
 0.60691189830472114
 0.60691189830472114
 0.60691189830472114
 0.61221713471796613
 0.61167290178642586
 0.61167290178642586
 0.61146621499343934
 0.61146621499343934
 0.61146621499343934
 0.60473297087238975
 0.60464997111231256
 0.60464997111231256
 0.60464997111231256
 0.60464997111231256
 0.60464997111231256
 0.60464997111231256
 0.60464997111231256
 0.60464997111231256
 0.60464997111231256
 0.60464997111231256
 0.72367718470574549
 0.72367718470574549
 0.72367718470574549
 0.72367718470574549
 0.78474556791599914
 0.82101689283724211
 0
 0
 0
 0
 0
 0
 0
 0
 0
 0
 0
 0
 0.012986048927462831
 0.012986048927462831
 0.012986048927462831
 0
 0
 0
 0
 0
 0
 0
 0
 0
 0
 0
 0
 0
 0
 0
 0.81999867889240641
 0
 0.0097059077902181302
 0.0097059077902181302
 0
 0.21534870778009413
 0.21534870778009413
 0.21534870778009413
 0.2153487077800941
 0.21534870778009413
 0.21534870778009413
 0.21534870778009413
 0.21534870778009413
 0.21534870778009413
 0.21534870778009413
 0.21534870778009413
 0.036271324921243221
 0
 0
 0.079789224285307991
 0.079789224285307991
 0.079789224285307991
 0.079789224285307991
 0
 0
 0
 0
 0
 0
 0
 0
 0
 0
 0
 0
 0
 0.26501258730037219
 0.25576494600451066
 0.25576494600451066
 0.25576494600451066
 0.25576494600451066
 0.13171503099799486
 0.13171503099799486
 0.13171503099799486
 0.087637184183450928
 0.087637184183450928
 0.087637184183450928
 0.087637184183450928
 0.087637184183450928
 0.051365859262207707
 0.051365859262207707
 0.051365859262207707
 0.051365859262207707
 0.051365859262207707
 0.051365859262207707
 0.051365859262207707
 0.051365859262207707
 0.051365859262207707
 0.053627786454616501
 0.053627786454616501
 0.053627786454616501
 0.053627786454616501
 0.053627786454616501
 0.051365859262207707
 0.051365859262207707
 0.051365859262207707
 0.051365859262207707
 0.051365859262207707
 0.051365859262207707
 0.051365859262207707
 0.051365859262207707
 0.051365859262207707
 0.051365859262207707
 0.087637184183450928
 0.087637184183450928
 0.087637184183450928
 0.088655398128286836
 0.085375256991042134
 0.13171503099799486
 0.13171503099799486
 0.13171503099799486
 0.25576494600451066
 0.25576494600451066
 0.25576494600451066
 0.25576494600451066
 0.25576494600451066
 0
 0
 0
 0
 0
 0
 0
 0
 0
 0
 0
 0.016532269901353334
 0.016532269901353334
 0
 0
 0
 0
 0
 0
 0
 0
 0.21534870778009413
 0.21534870778009413
 0.21534870778009413
 0.21534870778009413
 0.21534870778009413
 0.21534870778009413
 0.21636692172493002
 0
 0
 0
 0
 0
 0
 0
 0
 0
 0
 0
 0
 0
 0
 0
 0
 0
 0
 0
 0
 0
 0
 0.82101689283724211
 0.82101689283724211
 0.81875496564483363
 0.81875496564483363
 0.81875496564483363
 0.81875496564483363
 0.81875496564483363
 0.81875496564483363
 0.76738910638262581
 0.76738910638262581
 0.76738910638262581
 0.76738910638262581
 0.76738910638262581
 0.76738910638262581
 0.76738910638262581
 0.76693083988826916
 0.76693083988826916
 0.76693083988826916
 0.76693083988826916
 0.76693083988826916
 0.76693083988826916
 0.76693083988826916
 0.76693083988826916
 0.76738910638262581
 0.76738910638262581
 0.76738910638262581
 0.76738910638262581
 0.76738910638262581
 0.76738910638262581
 0.76103112899585568
 0.76103112899585568
 0.76103112899585568
 0.76082444220286916
 0.76082444220286916
 0.76082444220286916
 0.75814146508676428
 0.75814146508676428
 0.75814146508676428
 0.75814146508676428
 0.75994512578481666
 0.75994512578481666
 0.75994512578481666
 0.75994512578481666
 0.75994512578481666
 0.75892691183998062
 0.75892691183998062
 0.75892691183998062
 0.75938517833433739
 0.75938517833433739
 0.75938517833433739
 0.75938517833433739
 0.81075103759654499
 0.81075103759654499
 0.81075103759654499
 0.81075103759654499
 0.81075103759654499
 0.81075103759654499
 0.81075103759654499
 0.81075103759654499
 0.81176925154138091
 0.81176925154138091
 0
 0
 0
 0
 0
 0
 0
 0
 0
 0
 0
 0
 0
 0
 0
 0
 0
 0
 0
 0
 0
 0
 0
 0
 0
 0
 0
 0
 0
 0
 0
 0
 0
 0
 0
 0
 0
 0
 0
 0
 0
 0
 0
 0
 0
 0
 0
 0
 0
 0
 0
 0
 0
 0



# name: <cell-element>
# type: matrix
# rows: 401
# columns: 1
 0
 0
 0
 0
 0
 0
 0
 0
 0
 0
 0
 0
 0
 0
 0
 0
 0
 0
 0
 0
 0
 0
 0
 0
 0
 0
 0
 0
 0
 0
 0
 0
 0
 0
 0
 0
 0
 0
 0
 0
 0
 0
 0
 0
 0
 0
 0
 0
 0
 0.18025729059983847
 0.18025729059983847
 0.18025729059983847
 0.18025729059983847
 0
 0
 0
 0
 0
 0
 0
 0
 0
 0
 0
 0
 0
 0
 0
 0
 0
 0
 0
 0
 0
 0
 0
 0
 0
 0
 0
 0
 0
 0
 0
 0
 0.65643311640022151
 0.65643311640022151
 0.65643311640022151
 0.65643311640022151
 0.65643311640022151
 0.65639916142790833
 0.65183375818704825
 0.64772822935539021
 0.64374605583505295
 0.64014131670884822
 0.63690782017022696
 0.63404874737399164
 0.63151083954220322
 0.62924924382231484
 0.62811383060181525
 0.62799916903919095
 0.62788972343004812
 0.62778458938857817
 0.62768289964543256
 0.62762207495855682
 0.62760045159200939
 0.62759447684363467
 0.627601290488223
 0.62761847225471779
 0.62764397261236871
 0.62767605288473982
 0.6277132346644162
 0.62775425691085041
 0.62779803941021106
 0.62784365151117694
 0.62789028523999502
 0.62759451481280482
 0.6268942294138472
 0.62619316777973522
 0.62576276534921049
 0.62578906942852408
 0.62581250732639759
 0.62583261775942167
 0.62584893480978698
 0.62586097810612762
 0.62586824352246628
 0.6258701942370738
 0.62586625201682733
 0.62585578860468349
 0.62585658380573239
 0.62585222460255363
 0.62583963959800426
 0.62581793085777659
 0.62578610770519272
 0.62574307672749274
 0.62568763117629489
 0.62561843962251451
 0.62551489994172527
 0.625391158358517
 0.62525042225594452
 0.62509154624620267
 0.62491329777990401
 0.6247142517313139
 0.6260270116332467
 0.6274237887849452
 0.62891447216459617
 0.62297675427912591
 0.61382042431416817
 0.60576736983215462
 0.59872089144646512
 0.59251253776459634
 0.58718968599870336
 0.5827182612497902
 0.57894108514270792
 0.57579769981607398
 0.57342566083053848
 0.57163135939973586
 0.57030447253486405
 0.56940335193923819
 0.56889011914697474
 0.56873037780145141
 0.56889294981730909
 0.56934973542561551
 0.56778263882503899
 0.56642899898234433
 0.56527952073080356
 0.56432675833506352
 0.56356483609682306
 0.56297457749129243
 0.56255945240914018
 0.56230863791664909
 0.56221230761716234
 0.56226129897773336
 0.56229531640910524
 0.56243685118335451
 0.56260070260110495
 0.56294092075431423
 0.56344895464540123
 0.56393942441728029
 0.56389861288140652
 0.56532699788962903
 0.56673318213559498
 0.56811282313857536
 0.5694622753048374
 0.57077849392155844
 0.57205897105274706
 0.5733016759911167
 0.57450499921799547
 0.57566769864080991
 0.57678862358499927
 0.57784691350981465
 0.57887090602400881
 0.5798766546771853
 0.58086998465253303
 0.58175344103627891
 0.58257668196876211
 0.58340352671301865
 0.58422991144622372
 0.58505084166200572
 0.58586052829819779
 0.58665262943297591
 0.587420473265718
 0.5881572628402395
 0.58885626300248006
 0.58951097005177067
 0.5901151148133148
 0.59074337857284198
 0.59136574307294365
 0.59192682124883289
 0.59242517518516868
 0.59286272449734589
 0.59324133890414843
 0.59356280728772848
 0.59382884512487488
 0.59404110175620883
 0.59420116775419385
 0.59431058258127245
 0.59437084267059659
 0.59438340999540851
 0.5943497212238551
 0.59427119747829549
 0.59414925479967617
 0.59397867309665986
 0.59374889057558955
 0.59347700747829257
 0.59317342710835963
 0.59297118865252241
 0.5927506451792417
 0.59250657837333531
 0.59227819340806342
 0.59217791155591804
 0.59205860981262037
 0.59191822212960699
 0.5917546486516243
 0.59156574773556103
 0.59051279424801706
 0.58913425047404011
 0.5876799141072
 0.58611043352385284
 0.58446480106742127
 0.58274204400438556
 0.58094121984527547
 0.57906141499554831
 0.57710174384997048
 0.57511930950026602
 0.57317479362523271
 0.57113545887343564
 0.56901024666824518
 0.56679839773313445
 0.56449905544536838
 0.56211133916267442
 0.5596343498019305
 0.55706717351846069
 0.55440888422644441
 0.55165854545839743
 0.54881521184751425
 0.5458779304379745
 0.54284574196741864
 0.53972150463463031
 0.5365007411796624
 0.53322230574901675
 0.52984944378241916
 0.52651468466277673
 0.52427327595832696
 0.52192148074084554
 0.5194507035414615
 0.5168520888515683
 0.51411823066653817
 0.51385047125435068
 0.51473994455312
 0.51557854690552796
 0.51636894886178142
 0.51711357769812782
 0.51781471800754075
 0.51813860292509983
 0.51841746867934058
 0.5186554611336115
 0.51885641684533479
 0.51902388367204189
 0.5191611399994871
 0.5192712128727518
 0.51929197723583975
 0.5197304003633636
 0.52025876421421591
 0.52072889551528223
 0.52117766089490436
 0.52160182714461156
 0.52176019480475799
 0.5217389308424133
 0.52177844558195496
 0.52193207160474653
 0.52207153095463033
 0.5221974070019697
 0.52231024201578558
 0.52241054235213424
 0.52249877978713977
 0.52257539285545052
 0.52264078815902004
 0.522695341579416
 0.52274971160775052
 0.52281033261078957
 0.52285829040720533
 0.52289392658080236
 0.52336906029518149
 0.5238506534119034
 0.52427059629419814
 0.52460414582710535
 0.52487760167071695
 0.52509803419165246
 0.52521280712360141
 0.52515872537371455
 0.5250941055257452
 0.52501898996236118
 0.52493339433076069
 0.52483730784553395
 0.52473069352569146
 0.52461348836753818
 0.52448560345411499
 0.52434692400231697
 0.52419730934879727
 0.52384897534230745
 0.52342375092225524
 0.52303328089527112
 0.52267522024108681
 0.52228462007776233
 0.52190067876682777
 0.52154485191695699
 0.5212405883480522
 0.52105649351447547
 0.52118076331713425
 0.52144989954214693
 0.52189799355272859
 0.52223780612369841
 0.52192078193173286
 0.52136248468819879
 0.52078989157552136
 0.52020573491686017
 0.51986490379268113
 0.51981987236200478
 0.51975310387160012
 0.51966342137222288
 0.51954946058092522
 0.51929807196080846
 0.51900159574015581
 0.51866520500719615
 0.51804715135490986
 0.51728226655351905
 0.51647762644319883
 0.51563136498753015
 0.51474151777009236
 0.51380601418824146
 0.51282266704409862
 0.51178915808941017
 0.51070301724517919
 0.50956159189705852
 0.50836200058594339
 0.50710106213346873
 0.50576288336232578
 0.53828357294956164
 0.58025722417234826
 0.62440284586319716
 0.62388376654104216
 0.62337884291829337
 0.62302666545461338
 0.62261467596111242
 0.61940873301612265
 0.61600463239265435
 0.61275584741027123
 0.60965162244881743
 0.60671175791897092
 0.60390897920031139
 0.60122356658273512
 0.59864659676349341
 0.59616979561965422
 0.59378549628470989
 0.59148660221226379
 0.58926655284971241
 0.58764531011694954
 0.58624793990729229
 0.58475085572067942
 0.58315761103189445
 0.58146231448253072
 0.57965871967966309
 0.57774020390273184
 0.575699745518225
 0.57352990001183701
 0.5710490012224323
 0.56822905362684195
 0.56595855106736503
 0.56403294710640262
 0.56214655936592406
 0.56025735273143384
 0.55845182926030845
 0.55804255064451269
 0.55682348642242296
 0.55526039416937845
 0.55425011430163595
 0.55392517907234484
 0.55476542758493552
 0.55282365125423283
 0.43627510328560543



# name: <cell-element>
# type: matrix
# rows: 651
# columns: 1
 0.089819058022842027
 0.087554525499012117
 0.087554525499012117
 0.087554525499012117
 0.087554525499012117
 0.087554525499012117
 0.081292896190851172
 0.081292896190851172
 0.081292896190851172
 0.081292896190851172
 0.081292896190851172
 0.081292896190851172
 0.081292896190851172
 0.081292896190851172
 0.081292896190851172
 0.081292896190851172
 0.081292896190851172
 0.087554525499012117
 0.087554525499012117
 0.14125554876238999
 0.1435200812862199
 0.1435200812862199
 0.1435200812862199
 0.1435200812862199
 0.1435200812862199
 0
 0
 0
 0
 0
 0
 0
 0
 0
 0
 0
 0
 0
 0
 0
 0
 0
 0
 0
 0
 0
 0
 0
 0
 0
 0
 0
 0
 0
 0
 0
 0
 0
 0
 0
 0
 0
 0
 0
 0
 0
 0
 0
 0
 0
 0
 0
 0
 0
 0
 0
 0
 0
 0
 0
 0
 0
 0
 0
 0
 0
 0
 0
 0
 0
 0
 0
 0
 0
 0
 0
 0
 0
 0
 0
 0
 0
 0
 0
 0
 0
 0
 0
 0
 0
 0
 0
 0
 0
 0
 0
 0
 0
 0
 0
 0
 0
 0
 0
 0
 0
 0
 0
 0
 0
 0
 0
 0
 0
 0
 0
 0
 0
 0
 0
 0
 0
 0
 0
 0
 0
 0
 0
 0
 0
 0
 0
 0
 0
 0
 0
 0
 0
 0
 0
 0
 0
 0
 0
 0
 0
 0
 0
 0
 0
 0
 0
 0
 0
 0
 0
 0
 0
 0
 0
 0
 0
 0
 0
 0
 0
 0
 0
 0
 0
 0
 0
 0
 0
 0
 0
 0
 0
 0
 0
 0
 0
 0.075430225262692177
 0.075430225262692177
 0.075430225262692177
 0.075430225262692177
 0.075430225262692177
 0
 0
 0
 0
 0
 0
 0
 0
 0
 0
 0
 0
 0
 0
 0
 0
 0
 0
 0
 0
 0
 0
 0
 0
 0
 0
 0
 0
 0
 0
 0
 0
 0
 0
 0
 0
 0
 0
 0
 0
 0
 0
 0
 0
 0
 0
 0
 0
 0
 0
 0
 0
 0
 0
 0
 0
 0
 0
 0
 0
 0
 0
 0
 0
 0
 0
 0
 0
 0
 0
 0
 0
 0
 0
 0
 0
 0
 0
 0
 0
 0
 0
 0
 0
 0
 0
 0
 0
 0
 0
 0
 0
 0
 0
 0
 0
 0
 0
 0
 0
 0
 0
 0
 0
 0
 0
 0
 0
 0
 0
 0
 0
 0
 0
 0
 0
 0
 0
 0
 0
 0
 0
 0
 0
 0
 0
 0
 0
 0
 0
 0
 0
 0
 0
 0
 0
 0
 0
 0
 0
 0
 0
 0
 0
 0
 0
 0
 0
 0
 0
 0
 0
 0
 0
 0
 0
 0
 0
 0
 0
 0
 0
 0
 0
 0
 0
 0
 0
 0
 0
 0
 0
 0
 0
 0
 0
 0
 0
 0
 0
 0
 0
 0
 0
 0
 0
 0
 0
 0
 0
 0
 0
 0
 0
 0
 0
 0
 0
 0
 0
 0
 0
 0
 0
 0
 0
 0
 0
 0
 0
 0
 0
 0
 0
 0
 0
 0
 0
 0
 0
 0
 0
 0
 0
 0
 0
 0
 0
 0
 0
 0
 0
 0
 0
 0
 0
 0
 0
 0
 0
 0
 0
 0
 0
 0
 0
 0
 0
 0
 0
 0
 0
 0
 0
 0
 0
 0
 0
 0
 0
 0
 0
 0
 0
 0
 0
 0
 0
 0
 0
 0
 0
 0
 0
 0
 0
 0
 0
 0
 0
 0
 0
 0
 0
 0
 0
 0
 0
 0
 0
 0
 0
 0
 0
 0
 0
 0
 0
 0
 0
 0
 0
 0
 0
 0
 0
 0
 0
 0
 0
 0
 0
 0
 0
 0
 0
 0
 0
 0.72195726482576028
 0.72195726482576028
 0.72195726482576028
 0.72195726482576028
 0.72195726482576028
 0.72195726482576028
 0.72195726482576028
 0.72195726482576028
 0.72195726482576028
 0.72195726482576028
 0.72195726482576028
 0.72195726482576028
 0.72195726482576028
 0.72195726482576028
 0.72195726482576028
 0.72195726482576028
 0.72195726482576028
 0.72195726482576028
 0.71078285003116948
 0.71078285003116948
 0.71078285003116948
 0.70684389582240903
 0.70472766077309335
 0.70472766077309335
 0.70452122072300849
 0.70452122072300838
 0.65082019745963071
 0.65082019745963071
 0.066895349536474968
 0.64855566493580086
 0.64855566493580086
 0.64855566493580086
 0.64855566493580086
 0.64855566493580086
 0.64855566493580086
 0.64855566493580086
 0.64855566493580086
 0.64855566493580086
 0.64855566493580086
 0.64855566493580086
 0.64855566493580086
 0.65082019745963071
 0.65082019745963071
 0.65082019745963071
 0.65082019745963071
 0.65082019745963071
 0.65082019745963071
 0.61414020644760325
 0.58605438373853835
 0.58696334537153128
 0.58696334537153128
 0.58696334537153128
 0.58696334537153128
 0.58655438686699524
 0.59578014173549299
 0.59578014173549299
 0.59578014173549299
 0.59578014173549299
 0.59578014173549299
 0.59557370168540824
 0.59016428303382695
 0.59032436958822043
 0.58970468424093059
 0.58485590606203586
 0.57853026944633956
 0.57843718353954043
 0.57843718353954043
 0.57843718353954043
 0.57843718353954043
 0.57843718353954043
 0.57843718353954043
 0.57843718353954043
 0.57843718353954043
 0.57843718353954043
 0.57843718353954043
 0.57843718353954043
 0.57843718353954043
 0.57843718353954043
 0.57843718353954043
 0.57843718353954043
 0.57843718353954043
 0.63434195191938303
 0.65117805585990152
 0.6812962955759253
 0.72195726482576028
 0.72195726482576028
 0.72195726482576028
 0.72195726482576028
 0.71315618025562499
 0.69390260804587534
 0.69010464203592004
 0.69010464203592004
 0.69010464203592004
 0.69010464203592004
 0.69010464203592004
 0.69010464203592004
 0.69010464203592004
 0.69010464203592004
 0.68909396918682575
 0.68909396918682575
 0.68909396918682575
 0.11065678564728527
 0.11133226125739698
 0.13296385986181414
 0.1435200812862199
 0.1435200812862199
 0.14352008128621987
 0.14125554876238999
 0.14125554876238999
 0.14125554876238994
 0.13398324660513475
 0.13398324660513475
 0.080282223341756873
 0.080282223341756873
 0.080282223341756873
 0.080282223341756873
 0.080282223341756873
 0.080282223341756873
 0.080282223341756873
 0.079262836598436234
 0.079262836598436234
 0.065884676687380656
 0.065884676687380656
 0.072146305995541629
 0
 0



# name: <cell-element>
# type: matrix
# rows: 651
# columns: 1
 0
 0
 0
 0
 0
 0
 0
 0
 0
 0
 0
 0
 0
 0
 0
 0
 0
 0
 0
 0
 0
 0
 0
 0
 0
 0
 0
 0
 0
 0
 0
 0
 0
 0
 0
 0
 0
 0
 0
 0
 0
 0
 0
 0
 0
 0
 0
 0
 0
 0
 0
 0
 0
 0
 0
 0
 0
 0
 0
 0
 0
 0
 0
 0
 0
 0
 0
 0
 0
 0
 0
 0
 0
 0
 0
 0
 0
 0
 0
 0
 0
 0
 0
 0
 0
 0
 0
 0
 0
 0
 0
 0
 0
 0
 0
 0
 0
 0
 0
 0
 0
 0
 0
 0
 0
 0
 0
 0
 0
 0
 0
 0
 0
 0
 0
 0
 0
 0
 0
 0
 0
 0
 0
 0
 0
 0
 0
 0
 0
 0
 0
 0
 0
 0
 0
 0
 0
 0
 0
 0
 0
 0
 0
 0
 0
 0
 0
 0
 0
 0
 0
 0
 0
 0
 0
 0
 0
 0
 0
 0
 0
 0
 0
 0
 0
 0
 0
 0
 0
 0
 0
 0
 0
 0
 0
 0
 0
 0
 0
 0
 0
 0
 0
 0
 0
 0
 0
 0
 0
 0
 0
 0
 0
 0
 0
 0
 0
 0
 0
 0
 0.67465834961640436
 0.67465830273982919
 0.67465825546407765
 0.67465820994618853
 0.67391503679750497
 0.67314379909705646
 0.67239151496737282
 0.67165773087190139
 0.67094200377937296
 0.67024390135645862
 0.66956300207864861
 0.66889889526666069
 0.66825118106196113
 0.66761947035299685
 0.66700338466161202
 0.66640255599766429
 0.66581662668848474
 0.66524501840014394
 0.66468758218843182
 0.66414403951800394
 0.66361407183582721
 0.66309736984362022
 0.66259363326530829
 0.66210257061314837
 0.661623898953969
 0.66115734367679813
 0.66070263826283726
 0.66025952405843258
 0.6598277500518982
 0.65940707265449838
 0.65899725548600141
 0.65859806916517483
 0.65820929110529269
 0.65783070531496668
 0.65742063394554295
 0.65701348665354486
 0.6566173247335273
 0.65623192187287571
 0.65585705860074961
 0.6554925220818647
 0.65513810591675148
 0.65479360994861291
 0.65445884007627553
 0.65413360807346588
 0.65381773141394861
 0.65351103310249914
 0.65321334151154242
 0.65292449022331578
 0.65264431787724775
 0.65237266802260729
 0.6521093889761117
 0.65185433368434897
 0.65160735959094729
 0.6513683285082944
 0.65113710649357526
 0.65091356372917641
 0.65069757440715981
 0.6504890166177435
 0.65028777224164758
 0.65009372684621225
 0.64990676958515681
 0.64972679310185399
 0.64955369343602054
 0.64938736993379276
 0.64922772516096339
 0.6490746648194492
 0.6489280976667785
 0.64878793314459415
 0.64872150691441188
 0.64872099279646145
 0.64872048935075755
 0.64871999869515451
 0.64871952071013639
 0.64871905528090845
 0.64871860622301125
 0.64828652254382868
 0.64782029208658864
 0.64736347774617709
 0.64691591867915221
 0.64647746357390345
 0.6460479648757631
 0.64562727869202896
 0.64521526469987089
 0.64481178605703937
 0.6444167093152634
 0.64402990433628804
 0.64365124421044995
 0.64328060517780694
 0.64291786655145944
 0.6425629106433064
 0.64221562269206178
 0.64187589079325602
 0.64154360583155468
 0.64121866141485095
 0.6409009538105328
 0.64059038188347972
 0.64028684703602412
 0.63999025314958657
 0.63970050652810317
 0.63941751584308959
 0.63914119208033804
 0.63887144848820976
 0.6386082005273519
 0.63835136582204277
 0.63810086411286759
 0.6378566172107879
 0.63761854895261971
 0.63738658515779012
 0.63716065358634277
 0.63694068389827552
 0.63672660761397404
 0.63651835807585688
 0.63631587041125459
 0.63611908149626517
 0.63592792992071379
 0.63574235595430473
 0.63556230151363591
 0.63538771013029516
 0.6352185269199897
 0.63505469855249985
 0.63489617322276781
 0.63474290062271166
 0.6345948319140674
 0.63445191970215586
 0.63431411801036619
 0.63418138225565535
 0.63405366922486439
 0.63393093705186632
 0.63381314519551979
 0.63370025441852118
 0.63359222676704641
 0.63348902555127029
 0.63339061532662566
 0.63329696187601492
 0.63320803219275124
 0.63312379446448563
 0.63304421805786115
 0.6329683889605392
 0.63289713937105085
 0.63283044199239713
 0.63276792829775508
 0.63270991105741881
 0.63265636626620425
 0.63260727100872305
 0.63256280821485855
 0.63178629755174875
 0.63102557570248452
 0.63028012586107574
 0.6295496454529701
 0.62883383790198344
 0.62813241249023544
 0.62744508422071943
 0.62677157368301151
 0.62611160692302215
 0.62546491531579806
 0.62483123544199182
 0.6242103089672536
 0.62360188252511706
 0.62300570760251828
 0.62242154042843845
 0.62184914186547535
 0.62128827730377512
 0.62073871655795831
 0.62020023376641165
 0.6196726072933908
 0.61915561463569813
 0.61875713480746752
 0.61838070511524668
 0.61801597323363688
 0.61766268225997667
 0.61732058071793972
 0.61698942288208336
 0.61666896863966747
 0.61635898335628048
 0.61605923774479554
 0.61576950773813888
 0.61548957436502927
 0.61521922362920456
 0.6149582463916794
 0.61470643825588289
 0.61446359945622064
 0.6142295347487603
 0.61400405330533658
 0.61378696861001325
 0.61357809835811472
 0.61337726435780171
 0.61318429243432548
 0.61299901233608167
 0.61282125764379491
 0.61265086568101346
 0.61248767742737076
 0.61233153743383417
 0.61218229373974331
 0.61203979779227746
 0.61190390436714648
 0.61177447149197184
 0.6116513603707544
 0.61153443531055918
 0.61142356364963146
 0.6113186156873629
 0.61121946461573762
 0.61112598645232796
 0.61103805997483995
 0.61095556665736694
 0.61087839060744609
 0.61080641850527573
 0.61073953954371119
 0.61067764536990432
 0.61062063002797129
 0.61056838990304563
 0.61052082366655658
 0.61047783222261309
 0.61043931865551093
 0.61040518817844036
 0.61037534808317395
 0.61034970769072205
 0.61032817830335051
 0.61031067315707999
 0.6102971073757234
 0.61028739792513564
 0.61028146356918178
 0.61027922482587582
 0.61028060392489669
 0.61028552476564246
 0.6102939128760938
 0.61030569537262447
 0.61032080092051588
 0.6103391596950889
 0.61036070334376258
 0.61038536494864715
 0.61041307898977859
 0.61044378130933563
 0.61047740907608761
 0.61051390075067657
 0.61055319605159064
 0.61059523592134957
 0.61063996249386676
 0.61068731906167117
 0.61073725004427637
 0.61078970095665452
 0.61084461837834536
 0.61090194992310853
 0.61096164420907817
 0.61102365082912569
 0.61108792032206105
 0.61115440414380695
 0.61122305506386099
 0.61128718230097046
 0.61134546881165208
 0.61140567426705128
 0.61146774927696823
 0.61153164565529272
 0.61159731589526278
 0.61166471314397663
 0.61173379117718696
 0.61180450437438194
 0.61187680769407027
 0.61195065664940163
 0.61202600728378787
 0.61210281614733808
 0.61218104027253128
 0.61226063715122048
 0.61234156471093804
 0.61242378129173303
 0.6125072456231363
 0.61259191680142655
 0.61267775426663462
 0.61276471778008135
 0.6128527674018972
 0.61294186346839441
 0.61303196656999626
 0.61312303752875974
 0.61321503737620564
 0.61330792733127981
 0.61340166877789015
 0.61349622324314357
 0.61359155237478902
 0.61368761791933435
 0.6137843816995624
 0.61388180559242012
 0.61397985150633128
 0.61407848135887133
 0.6141776570542683
 0.614277340459914
 0.61437749338413661
 0.61447807755228634
 0.61457905458363116
 0.61468038596734531
 0.61478203303843793
 0.614883956953303
 0.61498611866469166
 0.61508847889639784
 0.61519099811749411
 0.61529363651564783
 0.61539678270980547
 0.61550033592685716
 0.61560388706860858
 0.6157073949130607
 0.61581081781299052
 0.61591411366456617
 0.61601723987499346
 0.6161201533288666
 0.61622281035332793
 0.6163251666816234
 0.61642717741497999
 0.61652879698312213
 0.61662997910223105
 0.61673067673148996
 0.61683084202675087
 0.61693042629178718
 0.61702937992719775
 0.61712765237552991
 0.6172251920636862
 0.61732194714177036
 0.6171596433859603
 0.61699438186898992
 0.61682608572196196
 0.61665467753750158
 0.61648007848678532
 0.61630220822320236
 0.6161209847781427
 0.61593632444790336
 0.61574814167105263
 0.61555635358249183
 0.61532643586673652
 0.61875617513531778
 0.61870344395590215
 0.6138692581040035
 0.60327861258661741
 0.59407989693229057
 0.58618840953918705
 0.57928744856438807
 0.57332262376464527
 0.56818362075604179
 0.56376780789354286
 0.5599843477211266
 0.55675279393946531
 0.55400186376422256
 0.55166835944665371
 0.54969621809905245
 0.54803567260973607
 0.5466425091293039
 0.54547740872832773
 0.54450536253674697
 0.54369515107404354
 0.5430188796073383
 0.54245156219534019
 0.54200167972487301
 0.54166805933511608
 0.54137513024110662
 0.54110184296970953
 0.54084170606799575
 0.54081285598544815
 0.59559677375546971
 0.5955698160405889
 0.59553073027220094
 0.59547261435441412
 0.59538907824733922
 0.59527414342634832
 0.59516119756504493
 0.59579501361509246
 0.59659293147296066
 0.59286290361843019
 0.58106221871965524
 0.5715214544590359
 0.57143131810940895
 0.57107809583274594
 0.5706793615562672
 0.57023251902628291
 0.56973508555388797
 0.56918465498544824
 0.56857887364316739
 0.5679154175834713
 0.56719197120656184
 0.56640620712430678
 0.56555442143585277
 0.56463427227177665
 0.56364457734945084
 0.56258279037293091
 0.56144627033755423
 0.56023226664269388
 0.5589379046839078
 0.55756017185846452
 0.55609590393499297
 0.55454177175172203
 0.55289426822399446
 0.55114969564173566
 0.54930415323447901
 0.54735352490713107
 0.54529346686160329
 0.54311939428204281
 0.54082645567081833
 0.54057521942630204
 0.54155103197190257
 0.54223032569925234
 0.54254250297197282
 0.54433349939046238
 0.54571891969459208
 0.5468284823680879
 0.54820902623184142
 0.54957147359558856
 0.55070311956746165
 0.55163276175562681
 0.55237679788148819
 0.55274520673089134
 0.5527437346030154
 0.55274252037770122
 0.55274154882721283
 0.55274080821471916
 0.55274029007216552
 0.55273998911295819
 0.55273990323381561
 0.55260660734851264
 0.55205387666508254
 0.55140326865715816
 0.55065766216373002
 0.54981954876046102
 0.5488911363771577
 0.54787445797403722
 0.54677148750019466
 0.54558426561435147
 0.54431503742497866
 0.5433402811759761
 0.54251466257964964
 0.54162326950549466
 0.54046520475840421
 0.53872604857071094
 0.53696389355277241
 0.5351825801846094
 0.53342032077558399
 0.53164798678841907
 0.52987586332417225
 0.52958860987930079
 0.52958860987930079
 0.52958860987930079
 0.52958860987930079
 0.52958860987930079
 0.52958860987930079
 0.52958860987930079
 0.52958860987930079
 0.52958860987930079
 0.52958860987930079
 0.52958860987930079
 0.52958860987930079
 0.52958860987930079
 0.53018518502203982
 0.53572451540756516
 0.54291759926355287
 0.4833659091933501
 0.53204376236674622
 0.46956956445773368





