 3.17750588e+04 5.41498533e+05
 3.19068518e+04 5.41498533e+05
 0.00000000e+00 0.00000000e+00
 0.00000000e+00 0.00000000e+00
 3.13521649e+04 5.41498533e+05
 3.13496567e+04 5.41498533e+05
 0.00000000e+00 0.00000000e+00
 0.00000000e+00 0.00000000e+00
 7.89036184e+04 5.41498533e+05
 7.02158241e+04 5.41498533e+05
 0.00000000e+00 0.00000000e+00
 0.00000000e+00 0.00000000e+00
 3.29302304e+04 5.41498533e+05
 3.27843478e+04 5.41498533e+05
 0.00000000e+00 0.00000000e+00
 0.00000000e+00 0.00000000e+00
 3.30325837e+04 5.41498533e+05
 3.28695415e+04 5.41498533e+05
 0.00000000e+00 0.00000000e+00
 0.00000000e+00 0.00000000e+00
 8.23839021e+04 5.41498533e+05
 8.23156086e+04 5.41498533e+05
 0.00000000e+00 0.00000000e+00
 0.00000000e+00 0.00000000e+00
