 3.08497660e+05 6.30000000e+01 1.21000000e+02 1.61601164e+07 2.99158599e+05
 2.78260472e+05 1.18000000e+02 2.31000000e+02 2.22323353e+06 2.22547137e+05
 3.04013459e+05 8.10000000e+01 1.58000000e+02 1.41460380e+07 2.99158599e+05
 2.74530805e+05 1.20000000e+02 2.36000000e+02 1.30658044e+06 2.22803837e+05
 3.02039583e+05 2.50000000e+01 5.10000000e+01 7.09263558e+05 2.99158599e+05
 2.76398526e+05 4.80000000e+01 9.60000000e+01 7.49627079e+06 2.22803837e+05
 3.15579643e+05 1.40000000e+01 1.64000000e+02 6.39446368e+06 2.99158599e+05
 4.07071733e+05 2.40000000e+01 8.50000000e+01 1.31862084e+04 2.22547137e+05
 3.30129675e+05 1.80000000e+01 2.05000000e+02 3.23381762e+06 2.99158599e+05
 2.74775091e+05 1.00000000e+01 1.23000000e+02 5.66821971e+05 2.22803837e+05
 3.38788792e+05 1.50000000e+01 1.72000000e+02 4.97338047e+06 2.99158599e+05
 2.74541228e+05 8.00000000e+00 1.04000000e+02 4.55204330e+05 2.22803837e+05
