 2.19791563e+05 3.00000000e+00 8.00000000e+00 3.22232282e+04
 2.13575689e+05 1.00000000e+00 2.00000000e+00 2.55756650e+04
 2.19004592e+05 3.00000000e+00 8.00000000e+00 3.15817820e+04
 2.13575689e+05 1.00000000e+00 2.00000000e+00 2.55756650e+04
 2.63664654e+05 9.00000000e+00 1.40000000e+01 8.01884766e+04
 2.13575689e+05 1.00000000e+00 2.00000000e+00 2.55756650e+04
 2.21065147e+05 2.00000000e+00 7.00000000e+00 3.32128457e+04
 2.13575689e+05 1.00000000e+00 2.00000000e+00 2.55756650e+04
 2.21003449e+05 2.00000000e+00 7.00000000e+00 3.31738588e+04
 2.13575689e+05 1.00000000e+00 2.00000000e+00 2.55756650e+04
 2.66235495e+05 2.00000000e+00 7.00000000e+00 8.27402865e+04
 2.13575689e+05 1.00000000e+00 2.00000000e+00 2.55756650e+04
