# Created by Octave 5.2.0, Sat Sep 05 07:05:33 2020 CEST <tkanas@tkanas>
# name: solutions
# type: cell
# rows: 1
# columns: 8
# name: <cell-element>
# type: matrix
# rows: 401
# columns: 1
 0.069958830333279987
 0.070045711901652583
 0.069993157295399344
 0.070056466134731529
 0.070081300284675949
 0.070105363669786605
 0.070128612559670608
 0.070151001488472947
 0.070172483705500749
 0.070239420804014061
 0.0702138305527127
 0.070232286397633722
 0.070249694644026459
 0.070266037578708862
 0.070281305076550935
 0.070295495627462012
 0.070308615374592875
 0.070320677321160194
 0.070331702145125338
 0.070341716259659376
 0.070350752312568487
 0.070358847102078834
 0.07036604187838584
 0.070372381206321319
 0.07037791201075061
 0.07038268367484099
 0.070386746011465023
 0.070390149743960281
 0.070392945144387195
 0.070395182142523882
 0.070396910258598955
 0.07039817650300656
 0.07039902638857784
 0.07039950337244219
 0.070399648687587399
 0.070399500999829612
 0.070399096209605036
 0.070318360211862191
 0.070397705166902788
 0.070396726992242503
 0.070395606240914885
 0.070394365206770906
 0.070393023532873564
 0.070391598346376774
 0.070390104137713641
 0.070388553177910304
 0.070386955489530875
 0.070385318931880853
 0.070383649417847888
 0.07038195093002246
 0.070380225770997021
 0.070378474563948024
 0.070376696480186435
 0.070374889237516308
 0.070373049191428144
 0.070371171706947455
 0.070369250711245807
 0.070367279156103815
 0.070365249156986762
 0.070363151657377762
 0.070360976808208853
 0.070358713911821011
 0.070356351299781947
 0.070353876622352915
 0.07035127665262382
 0.07034853738176719
 0.070345643902671534
 0.070342580584429409
 0.070339330957729818
 0.07033587744598345
 0.070332201999003932
 0.070328285113113995
 0.070324106677497417
 0.070319645333154573
 0.070314878739342737
 0.070309783192213246
 0.070304333893574503
 0.070298504590623492
 0.070292267964906577
 0.071067211145714265
 0.47427143449643339
 0.44954836132350656
 0.42707460518181073
 0.40649465810393492
 0.38752323804285238
 0.36992702170593594
 0.35351391170337038
 0.33812466960978027
 0.32362641859224134
 0.30990759030450971
 0.29687397792883158
 0.28444563580774818
 0.27255443031745585
 0.26114209718232934
 0.25015870041152166
 0.23958141147474832
 0.75243106753606381
 0.74290534608756764
 0.73400042840086921
 0.72567607623181074
 0.71788145121264491
 0.71057211455052949
 0.70370898785091895
 0.69725750426944821
 0.69118691400586207
 0.68546971493257125
 0.68008118446672339
 0.67499899322154622
 0.67020288472149792
 0.6656744085237114
 0.66139669666855661
 0.65735427535251312
 0.65353290539571385
 0.6499194463420036
 0.6465017400193751
 0.64326851027923149
 0.64020927618552159
 0.63731427647022754
 0.63457440348860006
 0.63198114520687998
 0.62952653401458336
 0.627203101377521
 0.62500383750357658
 0.62292215532145823
 0.62095185821453669
 0.61908711099060587
 0.61732241371558727
 0.61565257801871343
 0.61407270559880234
 0.61257816866130166
 0.61116459206738094
 0.60982783700676835
 0.60856398602476969
 0.60736932926557663
 0.60624035179194891
 0.60517372189927798
 0.60416628029352704
 0.60321503006792154
 0.60231712741383181
 0.60146987295953702
 0.60067070373584297
 0.5999171856569353
 0.59920700651063996
 0.59853796940127424
 0.59790798660911826
 0.59731507383131688
 0.59675734476922226
 0.59623300607202645
 0.59574035251144253
 0.59527776155680667
 0.59478359481370369
 0.59441052810582451
 0.59403089192315717
 0.59367550178145889
 0.59334310064945939
 0.59303248671146191
 0.59274245934259673
 0.59247156888724961
 0.59221764124800291
 0.59197763105685053
 0.59174964223640936
 0.5915572780422087
 0.59156758261345987
 0.59190997147564994
 0.59191030906071873
 0.59168776916911126
 0.59221079068361848
 0.59211262139550047
 0.59176690441705071
 0.59156443436636774
 0.59141456354096289
 0.59127733181432574
 0.59113566034971565
 0.59100931649930244
 0.59089429022500561
 0.59078919984076295
 0.59069336324648247
 0.59060624491113156
 0.59052735184993954
 0.59045621724067254
 0.59039239748591721
 0.59033547094900041
 0.59028503691993672
 0.59024071462491856
 0.59020214229963086
 0.59016897628931331
 0.59014089019266214
 0.59011757405979259
 0.59009873360286125
 0.59008408946562851
 0.59007337650250946
 0.590066343127436
 0.59006275064196156
 0.59006237263849104
 0.59006499441540616
 0.59007041241459324
 0.59007843367827739
 0.59008887536505306
 0.59010156422910665
 0.59011633620177284
 0.59013303591068378
 0.59015151628365459
 0.59017163812665774
 0.59019326978999254
 0.5902162867082994
 0.5902405711511659
 0.59026601185183325
 0.59029250367106045
 0.59031994732853676
 0.59034824909571404
 0.59037732052216974
 0.59040707818893035
 0.59043744344363613
 0.59046834216944122
 0.5904997045466851
 0.59053146486739871
 0.59056356128414422
 0.59059593566522539
 0.59062853336594046
 0.59066130306365283
 0.59069419658888533
 0.59072716877963705
 0.59076017729445451
 0.59079318248012747
 0.59082614723740479
 0.59085903689482244
 0.59089181905415611
 0.59092446347682548
 0.59095694198950832
 0.59098922835739165
 0.59102129815013571
 0.59105312872613391
 0.59108469899006133
 0.59111598949145505
 0.59114698205053406
 0.59117766029399477
 0.59120800863187417
 0.59123801286055189
 0.59126765984682961
 0.59129693804495564
 0.59132583606005151
 0.59135434409232812
 0.59138245276716384
 0.59141015393208052
 0.59143744001442855
 0.59146430392951221
 0.59149073951480935
 0.59151674119099373
 0.59154230340537706
 0.59156742250095873
 0.5915920927376831
 0.59161631139344417
 0.59164007461606849
 0.59166337928253487
 0.5916862223831717
 0.59170860119070934
 0.59173051308853764
 0.59175195561550564
 0.59177292636505829
 0.59179342299340176
 0.59181344298236238
 0.59183298411705665
 0.59185204377802758
 0.59187061931668816
 0.59188870790515336
 0.59190630658769383
 0.59192341211101673
 0.59194002097657117
 0.59195612935892905
 0.59197173310858031
 0.591986827765563
 0.59200140847760307
 0.59201547001194377
 0.59202900664281133
 0.59204201242061227
 0.59205448068280642
 0.5920664046909444
 0.59207777695775277
 0.5920885900318239
 0.59209883531988805
 0.59210850475826848
 0.59211758936879599
 0.59212608000916656
 0.59213396738216983
 0.59214124190605011
 0.59214789382210975
 0.59215391342039558
 0.59215929080637797
 0.59216401633859728
 0.59216808033636981
 0.59217147321155694
 0.59217418586346848
 0.5921762094735612
 0.59217753561790776
 0.59217815632179249
 0.59217806430148934
 0.5921772523493648
 0.59217571490253074
 0.59217344610980771
 0.59217044118851014
 0.59216669625297946
 0.59216220806376485
 0.59215697402505652
 0.59215099226898327
 0.59214426202875337
 0.59213678278976234
 0.5921285548915376
 0.59211957947740401
 0.59210985758317525
 0.59209939137195722
 0.59208818185214895
 0.59207622879412192
 0.59206352773097293
 0.59205006561480555
 0.59203581517921477
 0.5920207204972846
 0.59200469395099342
 0.59198759211946561
 0.59196921017613535
 0.59194927248606344
 0.59192743646528723
 0.59190331886470493
 0.59187659129013193
 0.5918471967341683
 0.59181562645009222
 0.59178279358682628
 0.59174931919905027
 0.59171498569175485
 0.59167891336257805
 0.59164139315035047
 0.59160615865030486
 0.59158153303448058
 0.5915798980679321
 0.59160450362548567
 0.59163350364717449
 0.59164917254491822
 0.59165311501630413
 0.59165632025514836
 0.5916534132012331
 0.59163368075111089
 0.59160635343046575
 0.59158189799661764
 0.59156831726785852
 0.59157055317194274
 0.59156326131512327
 0.59153660033231426
 0.59153892077833248
 0.59167700607400076
 0.59197754104955502
 0.5921282683470005
 0.59210182737734274
 0.59203288134594911
 0.59198131098856821
 0.59200834128314506
 0.59220478523594011
 0.59215627261711723
 0.59186023438993129
 0.59176789990373946
 0.59163590490311768
 0.59165272468264429
 0.59184623469795039
 0.59183990858602531
 0.59174118412845322
 0.59164002442167052
 0.59155500495040148
 0.59159760905479386
 0.59198580119767608
 0.59216705310396933
 0.59208335271846457
 0.59197635282233352
 0.59186867283064326
 0.59174497560612149
 0.59161201281503717
 0.59157587936682654
 0.59196251243972087
 0.59201322571222359
 0.591824533189093
 0.59165449789591074
 0.59177872531421971
 0.59220248774096718
 0.59209673683642627
 0.59186271133962498
 0.59163690173408234
 0.59150977385203196
 0.59186041866547678
 0.59190797761783476
 0.59196400743630828
 0.59201925745959272
 0.59177087922594129
 0.59159500726286751
 0.59187700038264079
 0.59203658922916891
 0.59185471324671701
 0.59169679555596166
 0.59177183863256089
 0.59181444012040474
 0.59181667769631219
 0.59194157632695898
 0.59219502065557827
 0.59220078492240602
 0.59202947740842582



# name: <cell-element>
# type: matrix
# rows: 401
# columns: 1
 1.9885484750142309e-16
 1.0396982120405274e-15
 5.8794199450391267e-16
 1.292103679693051e-18
 1.4989994178493303e-16
 9.892251421827436e-16
 3.1531717718752912e-16
 0
 1.7595381403065073e-15
 1.4449366321309789e-15
 0.0086335862598626439
 0.27676610249314182
 0.45527254220279051
 0.56902776188860127
 0.63766313675818631
 0.67557615458476472
 0.69297210745210458
 0.69678911123199816
 0.69144613126114651
 0.67940633261135597
 0.66157130028262878
 0.63752912335444756
 0.60567858852554413
 0.56324686053357709
 0.50621177626463143
 0.42913232757237368
 0.32488221271024231
 0.1842726113443002
 6.9282761101669211e-19
 1.649187307936316e-15
 3.1962309005268698e-16
 7.2940130634796558e-15
 2.7477593368726166e-15
 1.6826893733023876e-15
 2.7282265278514738e-15
 3.7457754561512328e-15
 1.5629484150809347e-15
 1.9363686827556179e-15
 3.0880529012186099e-15
 2.2883970745641597e-16
 1.5404964812504979e-15
 6.1982673962311091e-16
 0
 2.4357891482840363e-16
 3.3868774216268125e-16
 5.252097586369019e-17
 3.8646218266957692e-16
 0
 1.1560185102552411e-20
 3.1698513241473808e-16
 7.6413323041563845e-17
 5.9109631502237146e-16
 4.0955464569828722e-16
 0
 5.4925860595377063e-16
 3.514288847518552e-16
 9.8309595191541825e-16
 1.871835698712557e-17
 2.9292092978616863e-15
 6.9082958985128266e-17
 1.6218692268026393e-16
 2.983745802596441e-15
 1.1723417773262568e-16
 3.3109227520691359e-16
 1.4098808999453112e-15
 5.0333991930459488e-16
 1.8803675442487917e-15
 1.2297888978199876e-16
 1.7118540953680344e-15
 4.9342115202480787e-16
 2.3545045633421176e-15
 1.4257434186926756e-15
 3.9538407495289454e-17
 4.1431381944482289e-17
 2.3699854347198231e-15
 2.7454375479318973e-15
 1.3262220345679035e-15
 2.5159538055069984e-15
 4.82477913715183e-15
 3.4929929582826658e-19
 1.0352260673294451
 0.59142298124315307
 0.59189787731979426
 0.59172251760009753
 0.59180657901914968
 0.59173537894102102
 0.59177841876998016
 0.59176130888908518
 0.59177976758374462
 0.59177863917078122
 0.59176085271521039
 0.59177005459663645
 0.5918134678188488
 0.59171700943025407
 0.59184965906902798
 0.59171684548744441
 0.59182342576021618
 0.59176404990407838
 0.59179276458772256
 0.59180052474793854
 0.59175564683658433
 0.59181000233994741
 0.59176125896905951
 0.59181846427916796
 0.59178899526962669
 0.59177670138077365
 0.59178055556950704
 0.5917959131698276
 0.59182058701310902
 0.59176950023343056
 0.59181813805612271
 0.591799950286377
 0.59177788671705622
 0.59181368298935921
 0.591785713595394
 0.59181541326816989
 0.59180292487702879
 0.59178905343552091
 0.5918129115804206
 0.59181074862309757
 0.59181272826293885
 0.59177103804662134
 0.59182975412043792
 0.59182159501672416
 0.59176468667598514
 0.59182677406122397
 0.59183899906734139
 0.59178854282762161
 0.5917872388845945
 0.59178448499180414
 0.59181319987026693
 0.59181960069575301
 0.59181301792409469
 0.59182953443091535
 0.59180506220850548
 0.5917377322309082
 0.59184725718262277
 0.59183207163554574
 0.59174392701450773
 0.59186090549093573
 0.59184547461425252
 0.5917459162854104
 0.59185145659505123
 0.59187016321430785
 0.59169175560539966
 0.59181103586768802
 0.59190711313062283
 0.5917655494091888
 0.59181272853287503
 0.59180872520489147
 0.5918283670919996
 0.59179888648780288
 0.59173976488979962
 0.5918388031067694
 0.59188944725515868
 0.59179693239442044
 0.59176170627498126
 0.59180736229011888
 0.59182863411891595
 0.59182516394310436
 0.59181855259836258
 0.5918151071318678
 0.59180971613170474
 0.59180350984321251
 0.59179945812183965
 0.59181160708025915
 0.59178632000618836
 0.5917903602636605
 0.59184810322958104
 0.5918739115101026
 0.59182636276261424
 0.59176201845236198
 0.59176714242259276
 0.59182915641422262
 0.59185416636784605
 0.59181594989485253
 0.59179795592409223
 0.59180575741692776
 0.59180492990019395
 0.59181199948023733
 0.59180542952833226
 0.5918236410915042
 0.59182489226803081
 0.59182116325994438
 0.59182224339297018
 0.5918181015907571
 0.59180643699386692
 0.59179509594768631
 0.5917948559097792
 0.5918044603979129
 0.59182156041182266
 0.59183093657052255
 0.59182898324617572
 0.59181570266903327
 0.59179593172910805
 0.5917904936074202
 0.59180442442723691
 0.59180054534069204
 0.59184299550739972
 0.59185395630736337
 0.5917767131146211
 0.59181049346031223
 0.5918362135692562
 0.59178936145109062
 0.59180853729813032
 0.5918435638674473
 0.59178995664156619
 0.59179840776423054
 0.5918613553370452
 0.5917824191848795
 0.59174777967744008
 0.59188435876211953
 0.59183383755168595
 0.59174678020377325
 0.59188853796645602
 0.59172741667715489
 0.59184575914847781
 0.5918869317228207
 0.59176536930947043
 0.59173180143439597
 0.59187520502892421
 0.59184999880779154
 0.59177794076988521
 0.59182330682936468
 0.59184405238034155
 0.59178869922277588
 0.59177672610985854
 0.59182077639153774
 0.59183903288212947
 0.59184869231263348
 0.59181763270711341
 0.59176964542411525
 0.5917654147901974
 0.59180415279642096
 0.59184855627748478
 0.59181776440427458
 0.59181777413976633
 0.59180530290415867
 0.5918329447280829
 0.59182718792004274
 0.59180612969515245
 0.59179171285523324
 0.59179620294708379
 0.59181965189075347
 0.59184250962385476
 0.5918408587330064
 0.59182021417182529
 0.59179733367546949
 0.5917859065582064
 0.59179462723894671
 0.59181683754065006
 0.59182916244648054
 0.59182372936106498
 0.59181114239834143
 0.59180666058848852
 0.59180882287737058
 0.5918154174624114
 0.59181296882869905
 0.5918093856033757
 0.59181169945625201
 0.59181897725906041
 0.59181475092827029
 0.5918043480922941
 0.59180497302229518
 0.59181581540107908
 0.59182608239799639
 0.59182695451508183
 0.59181740338627598
 0.59180359237787339
 0.59179462482035972
 0.59179991332825299
 0.59182572418596602
 0.5918362998203498
 0.59177127792041551
 0.59178481364875801
 0.59190565999506917
 0.59181759454243998
 0.59174195726695911
 0.59180569667267524
 0.59185964050529394
 0.59182319166211694
 0.59178222708224715
 0.59181703838433175
 0.59182463566337429
 0.59178826182677446
 0.5918065742216988
 0.59184455689542548
 0.59184828401962242
 0.59180090618299119
 0.59175052409401707
 0.59178774611306961
 0.59186639190134427
 0.59186910577281204
 0.59179090782337307
 0.5917567869837006
 0.59182097407686785
 0.5918580962474641
 0.59180886168860825
 0.59176499148212824
 0.59179426642767285
 0.59185350375993862
 0.59186256600296006
 0.59181511331153469
 0.59177290745895805
 0.59178023140552993
 0.59181435070578281
 0.59183703876550031
 0.59183305728812285
 0.59180917704682412
 0.59179280865045203
 0.59180694918055543
 0.59183689221021296
 0.59184092339755079
 0.5918032763412292
 0.59176637887705319
 0.59179805032378052
 0.59184413543485925
 0.5918224488556717
 0.59180088449697654
 0.59183164176252512
 0.59183985308535891
 0.59180316096043162
 0.59178070262842686
 0.59180208713554328
 0.59183130790716476
 0.59184317939914521
 0.59181158176948379
 0.59178113244496411
 0.59184801293200384
 0.59178612708730838
 0.59179949179824909
 0.59184142065098699
 0.59180172839911316
 0.59180489941533321
 0.59184816013026853
 0.59179656631068001
 0.5917756244560205
 0.59183228764686924
 0.59187394613237443
 0.5918123568622895
 0.591757587577039
 0.59181959781297266
 0.59185044124702069
 0.59180031412514089
 0.59180161605657067
 0.59184492539396205
 0.59183144595550008
 0.59179623320879937
 0.5917879498841484
 0.59180398628330388
 0.59183974745519996
 0.59185645505019147
 0.5918135391455106
 0.59177486813177804
 0.59180636172682355
 0.59184396918566251
 0.59182618227503192
 0.59180042418860657
 0.59181835260175264
 0.59183491430492541
 0.59180796125789792
 0.59178403756785247
 0.59183186784042308
 0.59186055789217928
 0.59181311643123491
 0.59178464656661911
 0.59182758452906514
 0.59185635777529599
 0.59180249611109204
 0.59180855844608238
 0.59183299775363929
 0.59182557523366464
 0.59181643224656433
 0.59182534760646865
 0.59183043011230485
 0.59183243382969364
 0.59181713665653313
 0.59179818963035602
 0.59183891742091232
 0.59186078751413418
 0.59180303487684827
 0.59179048726552197
 0.59183726008714155
 0.59186964503711847
 0.59180782400905096
 0.59179678158788351
 0.59184935520528659
 0.5918753623309625
 0.59183009898466299
 0.5917956136039465
 0.59183259392693188
 0.59183830486880951
 0.59186541009057769
 0.59179487377740136
 0.5918054129824456
 0.59190260124375838
 0.59182444161207026
 0.59178846196581236
 0.59186675504060016
 0.59187061444440403
 0.59202947740842582



# name: <cell-element>
# type: matrix
# rows: 401
# columns: 1
 2.8465606880740702e-14
 2.5619600367561348e-15
 1.078760224111801e-14
 5.4928895496769339e-15
 3.5660495627724372e-15
 1.3932177515547571e-14
 1.7581126577906608e-14
 3.8627436636530554e-14
 4.4064096686749146e-15
 8.633399562682435e-15
 3.141673270501249e-14
 2.0716392576496954e-18
 0.53208067790559033
 0.70980249096192571
 0.73800763903830202
 0.71981288710978775
 0.69369084306219619
 0.67083463854023229
 0.652697807231295
 0.63839288677308181
 0.62734109936676108
 0.61964686797294932
 0.6150006979057776
 0.60985172209571836
 0.59170486550021906
 0.52835390167113305
 0.34888460084263101
 1.4704140201083611e-15
 4.1778507103537316e-16
 6.5376696310261955e-16
 4.1943077148291321e-16
 7.8800771763452143e-15
 2.5890634618873882e-14
 2.2708528799797794e-14
 5.0527103366802421e-15
 4.5019236817592108e-15
 1.3113287164704882e-14
 6.0539436576698122e-15
 1.1340715285342186e-14
 2.0478141343400619e-15
 5.0397621309798781e-15
 2.9832497637260273e-15
 2.5990278292318987e-15
 1.0925953765724551e-15
 9.9784811882899611e-16
 4.767559915746132e-15
 3.6932178158513896e-16
 8.6132124383749179e-15
 7.9745777782363014e-16
 8.500244777470341e-16
 1.5955507463244719e-15
 3.7075414484352683e-16
 1.1234779018944253e-15
 6.6914011019704852e-16
 6.3696857556606059e-15
 5.52979572420863e-16
 1.0074634446775393e-15
 6.9072978838486903e-15
 7.4861582775858494e-15
 8.1863964644556991e-15
 5.1875942229144744e-16
 1.4063810132969018e-14
 1.3089783593848154e-15
 1.5908589637826985e-15
 2.9891772747874991e-16
 1.7658890006604042e-14
 6.4466627817986739e-15
 2.1077553347846906e-14
 4.7958262954086476e-15
 6.1328355926293531e-17
 1.8579671607743942e-18
 5.0376858244138803e-15
 5.054885249187906e-15
 3.3064832777683695e-15
 9.9383643390054918e-15
 1.7415979453452973e-14
 2.8167859113925997e-14
 1.6558195747678527e-15
 1.3118246577125114e-14
 1.3386800149992491e-15
 1.0352169272926097
 0.59145185132321598
 0.59186532144335846
 0.59174031385897685
 0.59177452842426992
 0.59176639521737517
 0.59177041821765852
 0.59177001942839802
 0.5917720933011994
 0.59177377985371149
 0.59177331190676008
 0.59177508061774498
 0.59177753490277918
 0.59177721907621061
 0.59178084282766619
 0.59177973138410256
 0.59178319446757155
 0.59178041334800513
 0.59178772011859815
 0.59178188143675992
 0.59179083554418443
 0.59178515258992637
 0.59178943519703964
 0.59179008147641443
 0.591791407178894
 0.5917913563709738
 0.59179223314726459
 0.59179532541015412
 0.59179313340716422
 0.59180066182379165
 0.59179464556906825
 0.59179517551431415
 0.5917990531383861
 0.59180023369010271
 0.5917973533461709
 0.59180378306888681
 0.59180017749593694
 0.59179758427925533
 0.591803974889623
 0.59180510517473517
 0.59180176709957211
 0.59180372097682632
 0.59180533327286944
 0.59180266443107787
 0.59180719800397985
 0.59180513018891356
 0.59180047399580626
 0.59181204626942485
 0.59180717516732195
 0.59180601214147022
 0.59180598471958545
 0.59180730921815061
 0.59180958041648513
 0.59180670479938313
 0.59180884833058844
 0.59180790770521141
 0.59180929313853425
 0.59181014971886503
 0.59180642521344173
 0.5918166611091209
 0.59180435251638641
 0.59180791697963175
 0.59181320385596792
 0.59180826420926547
 0.59181268397679032
 0.59181198640939026
 0.59180970922437681
 0.59180928154453682
 0.59180949699871965
 0.59181370280080514
 0.59181304450718242
 0.59180921772038952
 0.59180978030279141
 0.59181165147384585
 0.59181104835030141
 0.59181102800826091
 0.59181357670046186
 0.59181399077099228
 0.59181095826931052
 0.59181027011267429
 0.59181182296341939
 0.59181266679351041
 0.59181256198793908
 0.59181211722609517
 0.59181083993161931
 0.5918134311482528
 0.59181284986459837
 0.59181234488059298
 0.59181148994304678
 0.59181194009445737
 0.59181274706425402
 0.59181216673098358
 0.59181239203884473
 0.59181324997772111
 0.59181326036371262
 0.59181324094118104
 0.59181214724097853
 0.59181206422670052
 0.59181276635738045
 0.59181340860725984
 0.59181271329169993
 0.59181215853075753
 0.59181188702963838
 0.59181273652332722
 0.59181339533153365
 0.59181335582295336
 0.5918126988779705
 0.59181210888796731
 0.59181224832615065
 0.59181265684707896
 0.59181341336391224
 0.59181366894752496
 0.59181342549511096
 0.59181278829310291
 0.59181178011008162
 0.59181248686837828
 0.59181544583107981
 0.5918111916133254
 0.59181459055287022
 0.59181232804075479
 0.59180991097134172
 0.59181776829667376
 0.59180937638737408
 0.59181286927670496
 0.5918173027906507
 0.59181018167839439
 0.59181228626940641
 0.59181515508387617
 0.59181304477547814
 0.59181264621305729
 0.59181079452342578
 0.5918145081018501
 0.59181383869332904
 0.59181120232234241
 0.5918132455294226
 0.59181415025083728
 0.59181207135792369
 0.5918160863659564
 0.59181232037428844
 0.59180989969121933
 0.59181286089049812
 0.59181571834853619
 0.59181250107875949
 0.59181118412969802
 0.59181376688747434
 0.59181338784350113
 0.59181284904355747
 0.59181386131821612
 0.59181445614494776
 0.59181226847503532
 0.5918123301400614
 0.59181372740030058
 0.59181342327228026
 0.5918113827620507
 0.59181215768616646
 0.59181438249837848
 0.59181498708269309
 0.59181244707605241
 0.59181092596095042
 0.5918119487329343
 0.59181477507295888
 0.59181594527424819
 0.59181381695012159
 0.59181089671108433
 0.59181072647332478
 0.59181295870040296
 0.5918151115657615
 0.59181504834875009
 0.59181310381894181
 0.59181179012566831
 0.59181179979688192
 0.59181255370407804
 0.59181357516978217
 0.59181413163371055
 0.59181362668067838
 0.59181266219268414
 0.5918124343037966
 0.59181245118298154
 0.59181337073805917
 0.59181449523818908
 0.59181386462888474
 0.59181269897894584
 0.59181179238318171
 0.59181159379439197
 0.59181236524788439
 0.59181374424584066
 0.59181473138705176
 0.59181473606642587
 0.59181391297160701
 0.59181259971454736
 0.5918112108179755
 0.59181081988466711
 0.59181343654768437
 0.59181869605845716
 0.59181071412211017
 0.59180907258072046
 0.59181735250369616
 0.59181412228809616
 0.59181066909073243
 0.59181341634931317
 0.59181418044869927
 0.59181108727717591
 0.59181194570464357
 0.59181552668050097
 0.59181500933124909
 0.59181276574527542
 0.59181188202012247
 0.59181268685194843
 0.59181434613403594
 0.59181385942525067
 0.59181175993096358
 0.59181211718206117
 0.59181519917701197
 0.59181510592083042
 0.59181175461574487
 0.59181042421849694
 0.59181345557003484
 0.59181574863083275
 0.59181449722125512
 0.59181218338687402
 0.59181175002936182
 0.59181294048757538
 0.59181382344208566
 0.59181367315650601
 0.59181330171870672
 0.59181343143446963
 0.59181381744728401
 0.59181380506135939
 0.59181333974419781
 0.59181278177265306
 0.5918127134648673
 0.59181361152523337
 0.59181462674970353
 0.59181373879122945
 0.59181230103814864
 0.59181409278435826
 0.59181521128764525
 0.59181282570967675
 0.59181182509481078
 0.59181470120547608
 0.59181593001759591
 0.59181320832681028
 0.59181102348222903
 0.5918140360122407
 0.59181651396425861
 0.59181168122068839
 0.59181516779310639
 0.59181740652265025
 0.59180973624229527
 0.59181167770451037
 0.59181737193119399
 0.59181629411245795
 0.59181427169633583
 0.59181182195944138
 0.59181460793689777
 0.59181722930193759
 0.59181470800322589
 0.59181143305335093
 0.59181481056412033
 0.59181755000527747
 0.59181481876617426
 0.59181263913109516
 0.59181500713407686
 0.59181820652530903
 0.59181667469792076
 0.59181467820185407
 0.59181458615749505
 0.59181544632432681
 0.59181622446745119
 0.59181739980482451
 0.59181671250180146
 0.59181528721132537
 0.59181571430048219
 0.59181777583966144
 0.59181866727882504
 0.59181815772412538
 0.59181734255831497
 0.5918159457727209
 0.59181716233817805
 0.59182082954161874
 0.59182000181923466
 0.59181639357246174
 0.59181775096719336
 0.59182170826861169
 0.59182027035930551
 0.5918175840572153
 0.5918203823085928
 0.59182312003244564
 0.59182128816181012
 0.59181975042663948
 0.59182293394447705
 0.59182285004272384
 0.59182117710659565
 0.59182456922107829
 0.59182562002992933
 0.59182150428723956
 0.59182388707615952
 0.59182791859005668
 0.59182527264505091
 0.59182270286644256
 0.59182694270067093
 0.59183014672682277
 0.59182834383331862
 0.5918232956135544
 0.59183028627071588
 0.59183315632262168
 0.59182783921097404
 0.59182928806025359
 0.59183416435418346
 0.59183218980847951
 0.59182763956822981
 0.59183622512812384
 0.59183349083809278
 0.59183573016080582
 0.59183327898854665
 0.59183864486500815
 0.59183451777678642
 0.59183608735602555
 0.59184078142591778
 0.5918367306039064
 0.59202947740842582



# name: <cell-element>
# type: matrix
# rows: 401
# columns: 1
 0
 1.9647005986721988e-14
 0
 3.1528375578352566e-15
 1.0498944522046723e-14
 4.2601364558980208e-15
 0
 0
 1.4725991437115252e-14
 3.1797018453258462e-14
 6.5493743693300992e-14
 0
 0.5445537076629744
 0.72238523257793952
 0.73487780025172456
 0.70981188109192439
 0.68507480884659522
 0.66672659332858608
 0.65253226558604693
 0.63993654776548425
 0.62813219968652578
 0.61806152603732734
 0.61129902035053751
 0.60703559899119086
 0.5947661377039124
 0.53801280638808258
 0.34357754136779967
 0
 2.6996646917374396e-14
 1.8746963577189159e-14
 5.3133288378538709e-15
 0
 1.9594567901000032e-14
 2.306921669259475e-14
 9.1456301173604575e-15
 0
 7.8331164625588001e-15
 5.4592671054902626e-15
 1.1438167557296682e-14
 1.3133196558601399e-14
 9.8786327906039011e-15
 5.8919459072048439e-15
 4.2290580522382718e-15
 0
 2.965510629215299e-15
 4.21925480266651e-15
 3.3490904126280026e-15
 5.7012119020329922e-15
 0
 6.0016057305531123e-15
 6.3297114655417634e-15
 3.4685563438877854e-15
 5.516791492570519e-15
 0
 1.5399298374060341e-14
 1.6004157849285957e-14
 0
 2.2979114214355178e-15
 1.0604074749755349e-14
 0
 9.4221509662431337e-16
 3.1304393282570242e-15
 9.9084636801258212e-15
 8.7109889786187931e-15
 0
 1.959068206470444e-14
 1.1671109467583264e-14
 2.8672768642464603e-14
 0
 2.0326426913874432e-15
 0
 3.077308027562757e-14
 2.2423353966213235e-14
 0
 0
 1.2480866537853777e-14
 3.4192398540682527e-14
 0
 4.119984004107453e-14
 9.2207756771118681e-15
 1.035216052633956
 0.59145276366295441
 0.59186244014465739
 0.59174258611975283
 0.59177891245059067
 0.59176489624239959
 0.59177376445771102
 0.5917619541943252
 0.5917745006141768
 0.59176477667645933
 0.59178068671229755
 0.59177583231070829
 0.59178241357587535
 0.59177057947315204
 0.59177914401707365
 0.59178560320509799
 0.59178260132897309
 0.59177400136316849
 0.59180171896962652
 0.59177185925114406
 0.59179890994184292
 0.59178050143556771
 0.59178438271405531
 0.59179638155746228
 0.59178339281577486
 0.59179230357093071
 0.59179082883568446
 0.59180599957336577
 0.59178320067416068
 0.59182800794928836
 0.59175240281904351
 0.59181899346083
 0.59178791050216095
 0.59180407024125714
 0.59180336402090616
 0.59179000550548777
 0.59181243546538254
 0.59179968288302187
 0.59181256968032969
 0.59178435684394748
 0.59179970888851174
 0.59181462759355097
 0.59180476496450041
 0.59178853428299616
 0.59181727779382998
 0.59181870939344361
 0.59178646749478669
 0.59181637147977728
 0.5918002725442294
 0.59181801224907837
 0.59179945776649279
 0.59179861066778694
 0.59183759452142704
 0.59178531966302705
 0.59179309081148268
 0.59184918930227404
 0.59176919290491081
 0.59183223376957916
 0.59180418894598408
 0.59179507105409401
 0.59184010503539985
 0.59177637003572681
 0.59183989147954497
 0.59179149679793508
 0.5918164582192228
 0.59182713490607308
 0.59177697916308791
 0.59184417707189696
 0.59178257495111997
 0.59181652159501019
 0.59183216220304935
 0.59177977807888205
 0.59182693773772654
 0.59182479401770505
 0.591793653754073
 0.59180242046213505
 0.59182974355012363
 0.59182867885379631
 0.59179233681022914
 0.59180423669902205
 0.5918181797166534
 0.59182217061794518
 0.59180641984475701
 0.59180344794163475
 0.59181198543778135
 0.59183602779167255
 0.59180110742180703
 0.59179780178671748
 0.59181817702088435
 0.59181196202204778
 0.59181828741686715
 0.59181405261375541
 0.59180167838697417
 0.59180655958440875
 0.59182375659122666
 0.59181963789660208
 0.59180828504588578
 0.5918041849117911
 0.59182522379573366
 0.59180680887515102
 0.59182214770022745
 0.59179519299177319
 0.5918194147817506
 0.59180692590250084
 0.59182074857131173
 0.59181515650567385
 0.59180592825542788
 0.59182395087249673
 0.59180157590668592
 0.59181960442428538
 0.59181361234571828
 0.5918115038295183
 0.59181528190929755
 0.59180267824058608
 0.59180897150664535
 0.59183167677642623
 0.59182248758790923
 0.59178954341933832
 0.59183318419729491
 0.59178821683258176
 0.59182356404393877
 0.59181534351581744
 0.59179684805229216
 0.59184946125642524
 0.59178056830823167
 0.59181345880155978
 0.59182638243386843
 0.59180675640557046
 0.59181251212126751
 0.59180755113441375
 0.59180796754405585
 0.5918362391261186
 0.59179207337496476
 0.5918382741446585
 0.59180299875841447
 0.59181718348738288
 0.59180777790310357
 0.59180261851010985
 0.59182628085340572
 0.59182201165278459
 0.5917888716388976
 0.59182586820488903
 0.59180142323381135
 0.59180566349605002
 0.59183469325705651
 0.59180736872401996
 0.59180081027849929
 0.59182315575187749
 0.59182224302665321
 0.59180142032711069
 0.59181199395332806
 0.59182170493518593
 0.59182099931071641
 0.5918101268908551
 0.59179839155494007
 0.59181629748462727
 0.59181583886177047
 0.59182154877661897
 0.59181662291248094
 0.59180369572698777
 0.59181434691069756
 0.59180939875450478
 0.59180620384811911
 0.59182698295218716
 0.59180078260068136
 0.59182534857546143
 0.59180928499900132
 0.59179923231605358
 0.59184246776947191
 0.59177623629815401
 0.59183440208331783
 0.59182248852384778
 0.59177618285670841
 0.59186026673845071
 0.5917978844987557
 0.59178606586605675
 0.59185221768201002
 0.59178656232286952
 0.59180753708063627
 0.59185326193413046
 0.5917811514685537
 0.59180097581889712
 0.59183842803735753
 0.59179828859833339
 0.59181690552142607
 0.59183255297412185
 0.59179280513724275
 0.59179878143534725
 0.59182241874545971
 0.59181414390848108
 0.59183329925835793
 0.59181652638396964
 0.59178931664547296
 0.59181248926195984
 0.59183040482079663
 0.59180392294698891
 0.59182762409885481
 0.59180922420533677
 0.59180496737315291
 0.59181691429164163
 0.59180359329225585
 0.59181854733076955
 0.59181552869313669
 0.59179718734672482
 0.59182342330671678
 0.59182715803081509
 0.59179945272536949
 0.59180021553476903
 0.5918267591103179
 0.59183209243030466
 0.59179824508769008
 0.59179952889700083
 0.59183215784340959
 0.5918232750258362
 0.59179863165385416
 0.59181169513891396
 0.5918265207541239
 0.59181061222791687
 0.59179868529204271
 0.59181226157784483
 0.59182247849913527
 0.59181425790661379
 0.59180542912560696
 0.59180678931763231
 0.59181846361185941
 0.59182589060394541
 0.59181467318038516
 0.59180090818060094
 0.59180349757188633
 0.591819694928997
 0.59182612750257724
 0.59181397230991428
 0.59180318408055321
 0.59181377958208237
 0.59182039313380042
 0.59180961786917741
 0.59182021565755405
 0.59180645445160096
 0.5918208487389558
 0.59182360150139024
 0.59179335979361503
 0.59180730956629146
 0.59183771722696943
 0.59181588999324275
 0.59180128873707283
 0.59180588989399441
 0.59180953379892098
 0.59181932280787841
 0.59179766462382477
 0.59185982028788608
 0.59178842573984991
 0.59180962984986452
 0.59183325674721288
 0.59179932630906384
 0.59182253605005353
 0.5918113726338361
 0.59181415571434515
 0.59182718079539576
 0.5918052952314623
 0.59179156728812032
 0.59184102046604026
 0.59182057788842612
 0.59179282824169288
 0.59182571314857291
 0.5918161839470395
 0.5918116922280493
 0.59181957771436389
 0.59181408614493636
 0.5918168709712901
 0.59181769741827051
 0.59181306289085578
 0.59182156986258416
 0.59181902038675227
 0.59181437713714147
 0.59181574051143337
 0.59180700364387373
 0.59182508223641628
 0.59182143760725237
 0.59180508390670039
 0.59182413325259264
 0.59182524032602035
 0.59181280161260319
 0.59182067635062585
 0.59182410020890608
 0.59181551927653342
 0.59182266085297419
 0.59182738361930798
 0.59181109507110274
 0.59182135845415917
 0.59182823226952919
 0.59182510384923559
 0.5918188316168187
 0.59182745545039894
 0.59181153293518818
 0.5918118022828337
 0.59184772369628447
 0.5918211155501264
 0.59181719458884163
 0.59183282146972371
 0.5918274577739765
 0.59181668860495973
 0.59182020740745223
 0.59184089990540256
 0.5918302554166226
 0.59181857405033111
 0.59183712571029834
 0.5918413865660167
 0.59181486057030386
 0.59182629739361714
 0.59183820581122359
 0.5918443264827844
 0.59182109741270239
 0.59182911083688106
 0.59184878296754206
 0.59182913706654361
 0.59183532048601217
 0.59182710819581197
 0.5918442082826979
 0.59184563589092565
 0.59183119874698797
 0.59202947740842582



# name: <cell-element>
# type: matrix
# rows: 401
# columns: 1
 0.069810037521214591
 0.069912985383678142
 0.069816524379772427
 0.069892095095160492
 0.069910735341571995
 0.069929365257870732
 0.069947962359778404
 0.069966500150817817
 0.069984949376299191
 0.070070098547719784
 0.070022663548937422
 0.070040646202342224
 0.070058413186055726
 0.070075934776572021
 0.07009318273383161
 0.070110130525880651
 0.070126753463699232
 0.070143028763407222
 0.070158935551617313
 0.07017445482793952
 0.070189569396530815
 0.070204263776646805
 0.070218524100153293
 0.070232338002239089
 0.070245694510010975
 0.070258583932404722
 0.070270997753699813
 0.070282928532188926
 0.070294369804777157
 0.070305315997904225
 0.070316083176792638
 0.070327531601397444
 0.070338599588255585
 0.070349286081792639
 0.070359590504413552
 0.070369512705531836
 0.070379052913923004
 0.070295398573343978
 0.070396416456040389
 0.070404840422286438
 0.070410844155898003
 0.070416556740179978
 0.070421979337035187
 0.070424259819115667
 0.070423829457601977
 0.070423373166267081
 0.070422890727688009
 0.070422381919543281
 0.070421846513350733
 0.070421284273191748
 0.070420694954421922
 0.070420078302402836
 0.070419434051209762
 0.070418761922347972
 0.070418061623450032
 0.070417332846979652
 0.070416575268923753
 0.070415788547456878
 0.070414972321628508
 0.070414126209998193
 0.07041324980926604
 0.070412342692899185
 0.07041140440970399
 0.070410434482391482
 0.070409432406099509
 0.070408397646883128
 0.070407329640159541
 0.070406227789110501
 0.070405091463026828
 0.07040391999560508
 0.070402956243312137
 0.070402956243312137
 0.070402956243312137
 0.070402956243312137
 0.070402956243312137
 0.070402956243312137
 0.070402956243312137
 0.070402956243312137
 0.070402956243312137
 0.070493627179632409
 0.070580873122188248
 0.070580692672680578
 0.07058049662242287
 0.070580284183231728
 0.070575269031079926
 0.070567842191883889
 0.070559848594657429
 0.070547358333280102
 0.070533924521088809
 0.070519520399047006
 0.070504091276035213
 0.070487579062532307
 0.070469922360571646
 0.070451056801061132
 0.070430915844861885
 0.070409388078295151
 0.59336760496834606
 0.59336760496834606
 0.59336760496834606
 0.59336760496834606
 0.59336760496834606
 0.59336760496834606
 0.59336760496834606
 0.59336760496834606
 0.59336760496834606
 0.59336760496834606
 0.59336760496834606
 0.59336760496834606
 0.59336760496834606
 0.59336760496834606
 0.59336760496834606
 0.59336760496834606
 0.59336760496834606
 0.59336760496834606
 0.59336760496834606
 0.59336760496834606
 0.59336760496834606
 0.59336760496834606
 0.59336760496834606
 0.59336760496834606
 0.59336760496834606
 0.59336760496834606
 0.59336760496834606
 0.59336760496834606
 0.59336760496834606
 0.59336760496834606
 0.59336760496834606
 0.59336760496834606
 0.59336760496834606
 0.59336760496834606
 0.59336760496834606
 0.59336760496834606
 0.59336760496834606
 0.59336760496834606
 0.59336760496834606
 0.59336760496834606
 0.59336760496834606
 0.59336760496834606
 0.59336760496834606
 0.59336760496834606
 0.59336760496834606
 0.59336760496834606
 0.59336760496834606
 0.59336760496834606
 0.59336760496834606
 0.59336760496834606
 0.59336760496834606
 0.59336760496834606
 0.59336760496834606
 0.59336760496834606
 0.59336760496834606
 0.59336760496834606
 0.59336760496834606
 0.59336760496834606
 0.59336760496834606
 0.59336760496834606
 0.59336760496834606
 0.59336760496834606
 0.59336760496834606
 0.59336760496834606
 0.59336760496834606
 0.59336760496834606
 0.59336760496834606
 0.59336760496834606
 0.59336760496834606
 0.59336760496834606
 0.59336659990707186
 0.59336558368857917
 0.59336455531636911
 0.59336351381409158
 0.59336245822348022
 0.59336138760239099
 0.59336030102293891
 0.59335919756972821
 0.59335807633816273
 0.59335693643283982
 0.59335577696601371
 0.59335459705612903
 0.59335339582641611
 0.59335217240354488
 0.59335092591633343
 0.5933496554945068
 0.59334836026750137
 0.59334703936331379
 0.5933456919073884
 0.59334431702154133
 0.59334291382292004
 0.59334148142299159
 0.59334001892656141
 0.59333852543081622
 0.59333700002439349
 0.59333544178646913
 0.59333384978586812
 0.59333222308018985
 0.59333056071495227
 0.59332886172274746
 0.59332712512241093
 0.59332534991820207
 0.59332353509899316
 0.59332167963746751
 0.59331978248932238
 0.59331784259247899
 0.59331585886629545
 0.59331383021078243
 0.59331175550582183
 0.59330963361038436
 0.59330746336174733
 0.59330524357471148
 0.59330297304081347
 0.593300650527537
 0.59329827477751773
 0.5932958445077442
 0.59329335840875153
 0.59329081514380722
 0.59328821334809201
 0.59328555162786778
 0.59328282855963888
 0.59328004268930201
 0.59327719253128386
 0.59327427656766896
 0.5932712932473122
 0.59326824098493947
 0.59326511816023308
 0.59326192311690329
 0.59325865416174139
 0.59325530956365957
 0.59325188755271063
 0.59324838631909071
 0.59324480401212365
 0.59324113873922446
 0.59323738856484365
 0.59323355150938861
 0.59322962554812575
 0.59322560861005702
 0.59322149857677442
 0.59321729328129102
 0.59321299050684417
 0.59320858798567577
 0.59320408339778286
 0.59319947436964338
 0.5931947584729107
 0.59318993322308111
 0.59318499607812847
 0.59317994443711053
 0.5931747756387401
 0.59316938426224808
 0.59316386783711217
 0.5931582234570103
 0.59315033798612338
 0.5931420251200118
 0.59313351937389891
 0.59312481626074087
 0.59311591118861828
 0.59310679945819156
 0.59309747626012677
 0.59308793667240267
 0.59307817565756504
 0.59306818805996686
 0.59305796860284243
 0.59304751188541249
 0.59303681237983097
 0.59302586442811345
 0.59301466223894761
 0.59300319988445094
 0.59299147129685426
 0.59297947026502795
 0.59296719043099511
 0.59295462528639464
 0.59294176816866162
 0.59292861225732563
 0.59291515057009903
 0.59290078453846606
 0.59288608446054458
 0.59287104251805989
 0.59285565070630142
 0.59283990082951477
 0.59282378449619555
 0.59280729311408897
 0.59279041788521469
 0.59277314980070683
 0.59275547963539377
 0.59273739794247071
 0.5927188950477571
 0.59269996104402878
 0.59268058578496541
 0.59266075887908387
 0.59264046968353623
 0.59261970729749158
 0.59259846055564058
 0.59257671802123391
 0.59255446797904276
 0.59253169842822984
 0.59250839707471525
 0.59248455132356714
 0.59246014827113547
 0.59243517469675888
 0.59240961705449613
 0.59238346146435328
 0.59235669370342559
 0.59232929919664057
 0.5923012630073301
 0.59227256982729914
 0.59224320396693075
 0.59221314934457403
 0.59218238947590107
 0.59215090746277499
 0.59211868598171347
 0.59208570727221355
 0.59205195312428005
 0.59201740486591703
 0.59198204335015403
 0.59195349748107184
 0.59195331460034228
 0.59195312575882431
 0.59195293074223265
 0.59195272932526655
 0.59195252127127274
 0.59195230633186868
 0.59195208424626222
 0.5919518547406466
 0.59195161752765291
 0.59195137230557349
 0.5919511187576888
 0.59195085655136415
 0.59195058533769207
 0.5919503047498561
 0.59195001440302897
 0.59194971389296192
 0.59194940279495034
 0.59194908066305452
 0.59194874702858491
 0.59194840139921556
 0.59194804325752282
 0.59194767205989152
 0.59194728723475531
 0.59194688818127972
 0.59194647426777258
 0.59194604482996604
 0.59194559916935774
 0.59194513655124303
 0.59194465620262893
 0.59194415731037242
 0.59194363901895264
 0.59194310042812104
 0.59194254059027773
 0.59194195850852382
 0.59194135313348351
 0.59194072336105796
 0.59194006802932775
 0.59193938591620754
 0.59193867573661374
 0.59193793614034551
 0.59193716570942689
 0.5919363629572898
 0.5919355263273981
 0.59193465419386937
 0.59193374486402928
 0.59193279658190301
 0.59193180753673635
 0.59193077587403975
 0.59192969971281872
 0.59192857717024128
 0.59192740639505315
 0.59192618561238952
 0.59192491318532214
 0.591923587691916
 0.59192220802810502
 0.59192077353679551
 0.59191928417180273
 0.59191774070308101
 0.59191614497026057
 0.59191450019467529
 0.59191281135802065
 0.59191108566008199
 0.59190933306276772
 0.59190756693396274
 0.59190580479920951
 0.5919040692053682
 0.59190238869552503
 0.59190079888998015
 0.59189934363788543
 0.59189807619473234
 0.59189706032460998
 0.59189637117799587
 0.59189609568759671
 0.59189633210242443
 0.59189718806321889
 0.59189877633446131
 0.59190120687931835
 0.59190457334318336
 0.59190893113193888
 0.59191426299085581
 0.59192042615236562
 0.59192707247931176
 0.59193352921141407
 0.59193862254654162
 0.59194041897792304
 0.59193585041092089
 0.59192018108503985
 0.59188647674445105
 0.59246205014955222



# name: <cell-element>
# type: matrix
# rows: 401
# columns: 1
 0.069810037521214591
 0.069912985383678142
 0.069816524379772427
 0.069892095095160492
 0.069910735341571995
 0.069929365257870732
 0.069947962359778404
 0.069966500150817817
 0.069984949376299191
 0.070070098547719784
 0.070022663548937422
 0.070040646202342224
 0.070058413186055726
 0.070075934776572021
 0.07009318273383161
 0.070110130525880651
 0.070126753463699232
 0.070143028763407222
 0.070158935551617313
 0.07017445482793952
 0.070189569396530815
 0.070204263776646805
 0.070218524100153293
 0.070232338002239089
 0.070245694510010975
 0.070258583932404722
 0.070270997753699813
 0.070282928532188926
 0.070294369804777157
 0.070305315997904225
 0.070316083176792638
 0.070327531601397444
 0.070338599588255585
 0.070349286081792639
 0.070359590504413552
 0.070369512705531836
 0.070379052913923004
 0.070295398573343978
 0.070396416456040389
 0.070404840422286438
 0.070410844155898003
 0.070416556740179978
 0.070421979337035187
 0.070424259819115667
 0.070423829457601977
 0.070423373166267081
 0.070422890727688009
 0.070422381919543281
 0.070421846513350733
 0.070421284273191748
 0.070420694954421922
 0.070420078302402836
 0.070419434051209762
 0.070418761922347972
 0.070418061623450032
 0.070417332846979652
 0.070416575268923753
 0.070415788547456878
 0.070414972321628508
 0.070414126209998193
 0.07041324980926604
 0.070412342692899185
 0.07041140440970399
 0.070410434482391482
 0.070409432406099509
 0.070408397646883128
 0.070407329640159541
 0.070406227789110501
 0.070405091463026828
 0.07040391999560508
 0.070402956243312137
 0.070402956243312137
 0.070402956243312137
 0.070402956243312137
 0.070402956243312137
 0.070402956243312137
 0.070402956243312137
 0.070402956243312137
 0.070402956243312137
 0.070493627179632409
 0.070580873122188248
 0.070580692672680578
 0.07058049662242287
 0.070580284183231728
 0.070575269031079926
 0.070567842191883889
 0.070559848594657429
 0.070547358333280102
 0.070533924521088809
 0.070519520399047006
 0.070504091276035213
 0.070487579062532307
 0.070469922360571646
 0.070451056801061132
 0.070430915844861885
 0.070409388078295151
 0.59336760496834606
 0.59336760496834606
 0.59336760496834606
 0.59336760496834606
 0.59336760496834606
 0.59336760496834606
 0.59336760496834606
 0.59336760496834606
 0.59336760496834606
 0.59336760496834606
 0.59336760496834606
 0.59336760496834606
 0.59336760496834606
 0.59336760496834606
 0.59336760496834606
 0.59336760496834606
 0.59336760496834606
 0.59336760496834606
 0.59336760496834606
 0.59336760496834606
 0.59336760496834606
 0.59336760496834606
 0.59336760496834606
 0.59336760496834606
 0.59336760496834606
 0.59336760496834606
 0.59336760496834606
 0.59336760496834606
 0.59336760496834606
 0.59336760496834606
 0.59336760496834606
 0.59336760496834606
 0.59336760496834606
 0.59336760496834606
 0.59336760496834606
 0.59336760496834606
 0.59336760496834606
 0.59336760496834606
 0.59336760496834606
 0.59336760496834606
 0.59336760496834606
 0.59336760496834606
 0.59336760496834606
 0.59336760496834606
 0.59336760496834606
 0.59336760496834606
 0.59336760496834606
 0.59336760496834606
 0.59336760496834606
 0.59336760496834606
 0.59336760496834606
 0.59336760496834606
 0.59336760496834606
 0.59336760496834606
 0.59336760496834606
 0.59336760496834606
 0.59336760496834606
 0.59336760496834606
 0.59336760496834606
 0.59336760496834606
 0.59336760496834606
 0.59336760496834606
 0.59336760496834606
 0.59336760496834606
 0.59336760496834606
 0.59336760496834606
 0.59336760496834606
 0.59336760496834606
 0.59336760496834606
 0.59336760496834606
 0.59336659990707186
 0.59336558368857917
 0.59336455531636911
 0.59336351381409158
 0.59336245822348022
 0.59336138760239099
 0.59336030102293891
 0.59335919756972821
 0.59335807633816273
 0.59335693643283982
 0.59335577696601371
 0.59335459705612903
 0.59335339582641611
 0.59335217240354488
 0.59335092591633343
 0.5933496554945068
 0.59334836026750137
 0.59334703936331379
 0.5933456919073884
 0.59334431702154133
 0.59334291382292004
 0.59334148142299159
 0.59334001892656141
 0.59333852543081622
 0.59333700002439349
 0.59333544178646913
 0.59333384978586812
 0.59333222308018985
 0.59333056071495227
 0.59332886172274746
 0.59332712512241093
 0.59332534991820207
 0.59332353509899316
 0.59332167963746751
 0.59331978248932238
 0.59331784259247899
 0.59331585886629545
 0.59331383021078243
 0.59331175550582183
 0.59330963361038436
 0.59330746336174733
 0.59330524357471148
 0.59330297304081347
 0.593300650527537
 0.59329827477751773
 0.5932958445077442
 0.59329335840875153
 0.59329081514380722
 0.59328821334809201
 0.59328555162786778
 0.59328282855963888
 0.59328004268930201
 0.59327719253128386
 0.59327427656766896
 0.5932712932473122
 0.59326824098493947
 0.59326511816023308
 0.59326192311690329
 0.59325865416174139
 0.59325530956365957
 0.59325188755271063
 0.59324838631909071
 0.59324480401212365
 0.59324113873922446
 0.59323738856484365
 0.59323355150938861
 0.59322962554812575
 0.59322560861005702
 0.59322149857677442
 0.59321729328129102
 0.59321299050684417
 0.59320858798567577
 0.59320408339778286
 0.59319947436964338
 0.5931947584729107
 0.59318993322308111
 0.59318499607812847
 0.59317994443711053
 0.5931747756387401
 0.59316938426224808
 0.59316386783711217
 0.5931582234570103
 0.59315033798612338
 0.5931420251200118
 0.59313351937389891
 0.59312481626074087
 0.59311591118861828
 0.59310679945819156
 0.59309747626012677
 0.59308793667240267
 0.59307817565756504
 0.59306818805996686
 0.59305796860284243
 0.59304751188541249
 0.59303681237983097
 0.59302586442811345
 0.59301466223894761
 0.59300319988445094
 0.59299147129685426
 0.59297947026502795
 0.59296719043099511
 0.59295462528639464
 0.59294176816866162
 0.59292861225732563
 0.59291515057009903
 0.59290078453846606
 0.59288608446054458
 0.59287104251805989
 0.59285565070630142
 0.59283990082951477
 0.59282378449619555
 0.59280729311408897
 0.59279041788521469
 0.59277314980070683
 0.59275547963539377
 0.59273739794247071
 0.5927188950477571
 0.59269996104402878
 0.59268058578496541
 0.59266075887908387
 0.59264046968353623
 0.59261970729749158
 0.59259846055564058
 0.59257671802123391
 0.59255446797904276
 0.59253169842822984
 0.59250839707471525
 0.59248455132356714
 0.59246014827113547
 0.59243517469675888
 0.59240961705449613
 0.59238346146435328
 0.59235669370342559
 0.59232929919664057
 0.5923012630073301
 0.59227256982729914
 0.59224320396693075
 0.59221314934457403
 0.59218238947590107
 0.59215090746277499
 0.59211868598171347
 0.59208570727221355
 0.59205195312428005
 0.59201740486591703
 0.59198204335015403
 0.59195349748107184
 0.59195331460034228
 0.59195312575882431
 0.59195293074223265
 0.59195272932526655
 0.59195252127127274
 0.59195230633186868
 0.59195208424626222
 0.5919518547406466
 0.59195161752765291
 0.59195137230557349
 0.5919511187576888
 0.59195085655136415
 0.59195058533769207
 0.5919503047498561
 0.59195001440302897
 0.59194971389296192
 0.59194940279495034
 0.59194908066305452
 0.59194874702858491
 0.59194840139921556
 0.59194804325752282
 0.59194767205989152
 0.59194728723475531
 0.59194688818127972
 0.59194647426777258
 0.59194604482996604
 0.59194559916935774
 0.59194513655124303
 0.59194465620262893
 0.59194415731037242
 0.59194363901895264
 0.59194310042812104
 0.59194254059027773
 0.59194195850852382
 0.59194135313348351
 0.59194072336105796
 0.59194006802932775
 0.59193938591620754
 0.59193867573661374
 0.59193793614034551
 0.59193716570942689
 0.5919363629572898
 0.5919355263273981
 0.59193465419386937
 0.59193374486402928
 0.59193279658190301
 0.59193180753673635
 0.59193077587403975
 0.59192969971281872
 0.59192857717024128
 0.59192740639505315
 0.59192618561238952
 0.59192491318532214
 0.591923587691916
 0.59192220802810502
 0.59192077353679551
 0.59191928417180273
 0.59191774070308101
 0.59191614497026057
 0.59191450019467529
 0.59191281135802065
 0.59191108566008199
 0.59190933306276772
 0.59190756693396274
 0.59190580479920951
 0.5919040692053682
 0.59190238869552503
 0.59190079888998015
 0.59189934363788543
 0.59189807619473234
 0.59189706032460998
 0.59189637117799587
 0.59189609568759671
 0.59189633210242443
 0.59189718806321889
 0.59189877633446131
 0.59190120687931835
 0.59190457334318336
 0.59190893113193888
 0.59191426299085581
 0.59192042615236562
 0.59192707247931176
 0.59193352921141407
 0.59193862254654162
 0.59194041897792304
 0.59193585041092089
 0.59192018108503985
 0.59188647674445105
 0.59246205014955222



# name: <cell-element>
# type: matrix
# rows: 401
# columns: 1
 0.069810037521214591
 0.069912985383678142
 0.069816524379772427
 0.069892095095160492
 0.069910735341571995
 0.069929365257870732
 0.069947962359778404
 0.069966500150817817
 0.069984949376299191
 0.070070098547719784
 0.070022663548937422
 0.070040646202342224
 0.070058413186055726
 0.070075934776572021
 0.07009318273383161
 0.070110130525880651
 0.070126753463699232
 0.070143028763407222
 0.070158935551617313
 0.07017445482793952
 0.070189569396530815
 0.070204263776646805
 0.070218524100153293
 0.070232338002239089
 0.070245694510010975
 0.070258583932404722
 0.070270997753699813
 0.070282928532188926
 0.070294369804777157
 0.070305315997904225
 0.070316083176792638
 0.070327531601397444
 0.070338599588255585
 0.070349286081792639
 0.070359590504413552
 0.070369512705531836
 0.070379052913923004
 0.070295398573343978
 0.070396416456040389
 0.070404840422286438
 0.070410844155898003
 0.070416556740179978
 0.070421979337035187
 0.070424259819115667
 0.070423829457601977
 0.070423373166267081
 0.070422890727688009
 0.070422381919543281
 0.070421846513350733
 0.070421284273191748
 0.070420694954421922
 0.070420078302402836
 0.070419434051209762
 0.070418761922347972
 0.070418061623450032
 0.070417332846979652
 0.070416575268923753
 0.070415788547456878
 0.070414972321628508
 0.070414126209998193
 0.07041324980926604
 0.070412342692899185
 0.07041140440970399
 0.070410434482391482
 0.070409432406099509
 0.070408397646883128
 0.070407329640159541
 0.070406227789110501
 0.070405091463026828
 0.07040391999560508
 0.070402956243312137
 0.070402956243312137
 0.070402956243312137
 0.070402956243312137
 0.070402956243312137
 0.070402956243312137
 0.070402956243312137
 0.070402956243312137
 0.070402956243312137
 0.070493627179632409
 0.070580873122188248
 0.070580692672680578
 0.07058049662242287
 0.070580284183231728
 0.070575269031079926
 0.070567842191883889
 0.070559848594657429
 0.070547358333280102
 0.070533924521088809
 0.070519520399047006
 0.070504091276035213
 0.070487579062532307
 0.070469922360571646
 0.070451056801061132
 0.070430915844861885
 0.070409388078295151
 0.59336760496834606
 0.59336760496834606
 0.59336760496834606
 0.59336760496834606
 0.59336760496834606
 0.59336760496834606
 0.59336760496834606
 0.59336760496834606
 0.59336760496834606
 0.59336760496834606
 0.59336760496834606
 0.59336760496834606
 0.59336760496834606
 0.59336760496834606
 0.59336760496834606
 0.59336760496834606
 0.59336760496834606
 0.59336760496834606
 0.59336760496834606
 0.59336760496834606
 0.59336760496834606
 0.59336760496834606
 0.59336760496834606
 0.59336760496834606
 0.59336760496834606
 0.59336760496834606
 0.59336760496834606
 0.59336760496834606
 0.59336760496834606
 0.59336760496834606
 0.59336760496834606
 0.59336760496834606
 0.59336760496834606
 0.59336760496834606
 0.59336760496834606
 0.59336760496834606
 0.59336760496834606
 0.59336760496834606
 0.59336760496834606
 0.59336760496834606
 0.59336760496834606
 0.59336760496834606
 0.59336760496834606
 0.59336760496834606
 0.59336760496834606
 0.59336760496834606
 0.59336760496834606
 0.59336760496834606
 0.59336760496834606
 0.59336760496834606
 0.59336760496834606
 0.59336760496834606
 0.59336760496834606
 0.59336760496834606
 0.59336760496834606
 0.59336760496834606
 0.59336760496834606
 0.59336760496834606
 0.59336760496834606
 0.59336760496834606
 0.59336760496834606
 0.59336760496834606
 0.59336760496834606
 0.59336760496834606
 0.59336760496834606
 0.59336760496834606
 0.59336760496834606
 0.59336760496834606
 0.59336760496834606
 0.59336760496834606
 0.59336659990707186
 0.59336558368857917
 0.59336455531636911
 0.59336351381409158
 0.59336245822348022
 0.59336138760239099
 0.59336030102293891
 0.59335919756972821
 0.59335807633816273
 0.59335693643283982
 0.59335577696601371
 0.59335459705612903
 0.59335339582641611
 0.59335217240354488
 0.59335092591633343
 0.5933496554945068
 0.59334836026750137
 0.59334703936331379
 0.5933456919073884
 0.59334431702154133
 0.59334291382292004
 0.59334148142299159
 0.59334001892656141
 0.59333852543081622
 0.59333700002439349
 0.59333544178646913
 0.59333384978586812
 0.59333222308018985
 0.59333056071495227
 0.59332886172274746
 0.59332712512241093
 0.59332534991820207
 0.59332353509899316
 0.59332167963746751
 0.59331978248932238
 0.59331784259247899
 0.59331585886629545
 0.59331383021078243
 0.59331175550582183
 0.59330963361038436
 0.59330746336174733
 0.59330524357471148
 0.59330297304081347
 0.593300650527537
 0.59329827477751773
 0.5932958445077442
 0.59329335840875153
 0.59329081514380722
 0.59328821334809201
 0.59328555162786778
 0.59328282855963888
 0.59328004268930201
 0.59327719253128386
 0.59327427656766896
 0.5932712932473122
 0.59326824098493947
 0.59326511816023308
 0.59326192311690329
 0.59325865416174139
 0.59325530956365957
 0.59325188755271063
 0.59324838631909071
 0.59324480401212365
 0.59324113873922446
 0.59323738856484365
 0.59323355150938861
 0.59322962554812575
 0.59322560861005702
 0.59322149857677442
 0.59321729328129102
 0.59321299050684417
 0.59320858798567577
 0.59320408339778286
 0.59319947436964338
 0.5931947584729107
 0.59318993322308111
 0.59318499607812847
 0.59317994443711053
 0.5931747756387401
 0.59316938426224808
 0.59316386783711217
 0.5931582234570103
 0.59315033798612338
 0.5931420251200118
 0.59313351937389891
 0.59312481626074087
 0.59311591118861828
 0.59310679945819156
 0.59309747626012677
 0.59308793667240267
 0.59307817565756504
 0.59306818805996686
 0.59305796860284243
 0.59304751188541249
 0.59303681237983097
 0.59302586442811345
 0.59301466223894761
 0.59300319988445094
 0.59299147129685426
 0.59297947026502795
 0.59296719043099511
 0.59295462528639464
 0.59294176816866162
 0.59292861225732563
 0.59291515057009903
 0.59290078453846606
 0.59288608446054458
 0.59287104251805989
 0.59285565070630142
 0.59283990082951477
 0.59282378449619555
 0.59280729311408897
 0.59279041788521469
 0.59277314980070683
 0.59275547963539377
 0.59273739794247071
 0.5927188950477571
 0.59269996104402878
 0.59268058578496541
 0.59266075887908387
 0.59264046968353623
 0.59261970729749158
 0.59259846055564058
 0.59257671802123391
 0.59255446797904276
 0.59253169842822984
 0.59250839707471525
 0.59248455132356714
 0.59246014827113547
 0.59243517469675888
 0.59240961705449613
 0.59238346146435328
 0.59235669370342559
 0.59232929919664057
 0.5923012630073301
 0.59227256982729914
 0.59224320396693075
 0.59221314934457403
 0.59218238947590107
 0.59215090746277499
 0.59211868598171347
 0.59208570727221355
 0.59205195312428005
 0.59201740486591703
 0.59198204335015403
 0.59195349748107184
 0.59195331460034228
 0.59195312575882431
 0.59195293074223265
 0.59195272932526655
 0.59195252127127274
 0.59195230633186868
 0.59195208424626222
 0.5919518547406466
 0.59195161752765291
 0.59195137230557349
 0.5919511187576888
 0.59195085655136415
 0.59195058533769207
 0.5919503047498561
 0.59195001440302897
 0.59194971389296192
 0.59194940279495034
 0.59194908066305452
 0.59194874702858491
 0.59194840139921556
 0.59194804325752282
 0.59194767205989152
 0.59194728723475531
 0.59194688818127972
 0.59194647426777258
 0.59194604482996604
 0.59194559916935774
 0.59194513655124303
 0.59194465620262893
 0.59194415731037242
 0.59194363901895264
 0.59194310042812104
 0.59194254059027773
 0.59194195850852382
 0.59194135313348351
 0.59194072336105796
 0.59194006802932775
 0.59193938591620754
 0.59193867573661374
 0.59193793614034551
 0.59193716570942689
 0.5919363629572898
 0.5919355263273981
 0.59193465419386937
 0.59193374486402928
 0.59193279658190301
 0.59193180753673635
 0.59193077587403975
 0.59192969971281872
 0.59192857717024128
 0.59192740639505315
 0.59192618561238952
 0.59192491318532214
 0.591923587691916
 0.59192220802810502
 0.59192077353679551
 0.59191928417180273
 0.59191774070308101
 0.59191614497026057
 0.59191450019467529
 0.59191281135802065
 0.59191108566008199
 0.59190933306276772
 0.59190756693396274
 0.59190580479920951
 0.5919040692053682
 0.59190238869552503
 0.59190079888998015
 0.59189934363788543
 0.59189807619473234
 0.59189706032460998
 0.59189637117799587
 0.59189609568759671
 0.59189633210242443
 0.59189718806321889
 0.59189877633446131
 0.59190120687931835
 0.59190457334318336
 0.59190893113193888
 0.59191426299085581
 0.59192042615236562
 0.59192707247931176
 0.59193352921141407
 0.59193862254654162
 0.59194041897792304
 0.59193585041092089
 0.59192018108503985
 0.59188647674445105
 0.59246205014955222



# name: <cell-element>
# type: matrix
# rows: 401
# columns: 1
 0.069810037521214591
 0.069912985383678142
 0.069816524379772427
 0.069892095095160492
 0.069910735341571995
 0.069929365257870732
 0.069947962359778404
 0.069966500150817817
 0.069984949376299191
 0.070070098547719784
 0.070022663548937422
 0.070040646202342224
 0.070058413186055726
 0.070075934776572021
 0.07009318273383161
 0.070110130525880651
 0.070126753463699232
 0.070143028763407222
 0.070158935551617313
 0.07017445482793952
 0.070189569396530815
 0.070204263776646805
 0.070218524100153293
 0.070232338002239089
 0.070245694510010975
 0.070258583932404722
 0.070270997753699813
 0.070282928532188926
 0.070294369804777157
 0.070305315997904225
 0.070316083176792638
 0.070327531601397444
 0.070338599588255585
 0.070349286081792639
 0.070359590504413552
 0.070369512705531836
 0.070379052913923004
 0.070295398573343978
 0.070396416456040389
 0.070404840422286438
 0.070410844155898003
 0.070416556740179978
 0.070421979337035187
 0.070424259819115667
 0.070423829457601977
 0.070423373166267081
 0.070422890727688009
 0.070422381919543281
 0.070421846513350733
 0.070421284273191748
 0.070420694954421922
 0.070420078302402836
 0.070419434051209762
 0.070418761922347972
 0.070418061623450032
 0.070417332846979652
 0.070416575268923753
 0.070415788547456878
 0.070414972321628508
 0.070414126209998193
 0.07041324980926604
 0.070412342692899185
 0.07041140440970399
 0.070410434482391482
 0.070409432406099509
 0.070408397646883128
 0.070407329640159541
 0.070406227789110501
 0.070405091463026828
 0.07040391999560508
 0.070402956243312137
 0.070402956243312137
 0.070402956243312137
 0.070402956243312137
 0.070402956243312137
 0.070402956243312137
 0.070402956243312137
 0.070402956243312137
 0.070402956243312137
 0.070493627179632409
 0.070580873122188248
 0.070580692672680578
 0.07058049662242287
 0.070580284183231728
 0.070575269031079926
 0.070567842191883889
 0.070559848594657429
 0.070547358333280102
 0.070533924521088809
 0.070519520399047006
 0.070504091276035213
 0.070487579062532307
 0.070469922360571646
 0.070451056801061132
 0.070430915844861885
 0.070409388078295151
 0.59336760496834606
 0.59336760496834606
 0.59336760496834606
 0.59336760496834606
 0.59336760496834606
 0.59336760496834606
 0.59336760496834606
 0.59336760496834606
 0.59336760496834606
 0.59336760496834606
 0.59336760496834606
 0.59336760496834606
 0.59336760496834606
 0.59336760496834606
 0.59336760496834606
 0.59336760496834606
 0.59336760496834606
 0.59336760496834606
 0.59336760496834606
 0.59336760496834606
 0.59336760496834606
 0.59336760496834606
 0.59336760496834606
 0.59336760496834606
 0.59336760496834606
 0.59336760496834606
 0.59336760496834606
 0.59336760496834606
 0.59336760496834606
 0.59336760496834606
 0.59336760496834606
 0.59336760496834606
 0.59336760496834606
 0.59336760496834606
 0.59336760496834606
 0.59336760496834606
 0.59336760496834606
 0.59336760496834606
 0.59336760496834606
 0.59336760496834606
 0.59336760496834606
 0.59336760496834606
 0.59336760496834606
 0.59336760496834606
 0.59336760496834606
 0.59336760496834606
 0.59336760496834606
 0.59336760496834606
 0.59336760496834606
 0.59336760496834606
 0.59336760496834606
 0.59336760496834606
 0.59336760496834606
 0.59336760496834606
 0.59336760496834606
 0.59336760496834606
 0.59336760496834606
 0.59336760496834606
 0.59336760496834606
 0.59336760496834606
 0.59336760496834606
 0.59336760496834606
 0.59336760496834606
 0.59336760496834606
 0.59336760496834606
 0.59336760496834606
 0.59336760496834606
 0.59336760496834606
 0.59336760496834606
 0.59336760496834606
 0.59336659990707186
 0.59336558368857917
 0.59336455531636911
 0.59336351381409158
 0.59336245822348022
 0.59336138760239099
 0.59336030102293891
 0.59335919756972821
 0.59335807633816273
 0.59335693643283982
 0.59335577696601371
 0.59335459705612903
 0.59335339582641611
 0.59335217240354488
 0.59335092591633343
 0.5933496554945068
 0.59334836026750137
 0.59334703936331379
 0.5933456919073884
 0.59334431702154133
 0.59334291382292004
 0.59334148142299159
 0.59334001892656141
 0.59333852543081622
 0.59333700002439349
 0.59333544178646913
 0.59333384978586812
 0.59333222308018985
 0.59333056071495227
 0.59332886172274746
 0.59332712512241093
 0.59332534991820207
 0.59332353509899316
 0.59332167963746751
 0.59331978248932238
 0.59331784259247899
 0.59331585886629545
 0.59331383021078243
 0.59331175550582183
 0.59330963361038436
 0.59330746336174733
 0.59330524357471148
 0.59330297304081347
 0.593300650527537
 0.59329827477751773
 0.5932958445077442
 0.59329335840875153
 0.59329081514380722
 0.59328821334809201
 0.59328555162786778
 0.59328282855963888
 0.59328004268930201
 0.59327719253128386
 0.59327427656766896
 0.5932712932473122
 0.59326824098493947
 0.59326511816023308
 0.59326192311690329
 0.59325865416174139
 0.59325530956365957
 0.59325188755271063
 0.59324838631909071
 0.59324480401212365
 0.59324113873922446
 0.59323738856484365
 0.59323355150938861
 0.59322962554812575
 0.59322560861005702
 0.59322149857677442
 0.59321729328129102
 0.59321299050684417
 0.59320858798567577
 0.59320408339778286
 0.59319947436964338
 0.5931947584729107
 0.59318993322308111
 0.59318499607812847
 0.59317994443711053
 0.5931747756387401
 0.59316938426224808
 0.59316386783711217
 0.5931582234570103
 0.59315033798612338
 0.5931420251200118
 0.59313351937389891
 0.59312481626074087
 0.59311591118861828
 0.59310679945819156
 0.59309747626012677
 0.59308793667240267
 0.59307817565756504
 0.59306818805996686
 0.59305796860284243
 0.59304751188541249
 0.59303681237983097
 0.59302586442811345
 0.59301466223894761
 0.59300319988445094
 0.59299147129685426
 0.59297947026502795
 0.59296719043099511
 0.59295462528639464
 0.59294176816866162
 0.59292861225732563
 0.59291515057009903
 0.59290078453846606
 0.59288608446054458
 0.59287104251805989
 0.59285565070630142
 0.59283990082951477
 0.59282378449619555
 0.59280729311408897
 0.59279041788521469
 0.59277314980070683
 0.59275547963539377
 0.59273739794247071
 0.5927188950477571
 0.59269996104402878
 0.59268058578496541
 0.59266075887908387
 0.59264046968353623
 0.59261970729749158
 0.59259846055564058
 0.59257671802123391
 0.59255446797904276
 0.59253169842822984
 0.59250839707471525
 0.59248455132356714
 0.59246014827113547
 0.59243517469675888
 0.59240961705449613
 0.59238346146435328
 0.59235669370342559
 0.59232929919664057
 0.5923012630073301
 0.59227256982729914
 0.59224320396693075
 0.59221314934457403
 0.59218238947590107
 0.59215090746277499
 0.59211868598171347
 0.59208570727221355
 0.59205195312428005
 0.59201740486591703
 0.59198204335015403
 0.59195349748107184
 0.59195331460034228
 0.59195312575882431
 0.59195293074223265
 0.59195272932526655
 0.59195252127127274
 0.59195230633186868
 0.59195208424626222
 0.5919518547406466
 0.59195161752765291
 0.59195137230557349
 0.5919511187576888
 0.59195085655136415
 0.59195058533769207
 0.5919503047498561
 0.59195001440302897
 0.59194971389296192
 0.59194940279495034
 0.59194908066305452
 0.59194874702858491
 0.59194840139921556
 0.59194804325752282
 0.59194767205989152
 0.59194728723475531
 0.59194688818127972
 0.59194647426777258
 0.59194604482996604
 0.59194559916935774
 0.59194513655124303
 0.59194465620262893
 0.59194415731037242
 0.59194363901895264
 0.59194310042812104
 0.59194254059027773
 0.59194195850852382
 0.59194135313348351
 0.59194072336105796
 0.59194006802932775
 0.59193938591620754
 0.59193867573661374
 0.59193793614034551
 0.59193716570942689
 0.5919363629572898
 0.5919355263273981
 0.59193465419386937
 0.59193374486402928
 0.59193279658190301
 0.59193180753673635
 0.59193077587403975
 0.59192969971281872
 0.59192857717024128
 0.59192740639505315
 0.59192618561238952
 0.59192491318532214
 0.591923587691916
 0.59192220802810502
 0.59192077353679551
 0.59191928417180273
 0.59191774070308101
 0.59191614497026057
 0.59191450019467529
 0.59191281135802065
 0.59191108566008199
 0.59190933306276772
 0.59190756693396274
 0.59190580479920951
 0.5919040692053682
 0.59190238869552503
 0.59190079888998015
 0.59189934363788543
 0.59189807619473234
 0.59189706032460998
 0.59189637117799587
 0.59189609568759671
 0.59189633210242443
 0.59189718806321889
 0.59189877633446131
 0.59190120687931835
 0.59190457334318336
 0.59190893113193888
 0.59191426299085581
 0.59192042615236562
 0.59192707247931176
 0.59193352921141407
 0.59193862254654162
 0.59194041897792304
 0.59193585041092089
 0.59192018108503985
 0.59188647674445105
 0.59246205014955222





