# Created by Octave 5.2.0, Fri Sep 04 05:50:50 2020 CEST <tkanas@tkanas>
# name: solutions
# type: cell
# rows: 1
# columns: 12
# name: <cell-element>
# type: matrix
# rows: 401
# columns: 1
 0.45404230649253297
 0.510780025278747
 0.51593357538870732
 0.52069948532021637
 0.52504332466724479
 0.52895184594311395
 0.53241300832982841
 0.53541689964031192
 0.53795645395892011
 0.54002795211680132
 0.54163131419879229
 0.54277020341414639
 0.54345196742594071
 0.5436874469389037
 0.5434906823186747
 0.54287854806849944
 0.54187034230824016
 0.5404873549729039
 0.53875243433785613
 0.53668956736883211
 0.53432348555467091
 0.53167930425076082
 0.52878220055156
 0.52565713221216703
 0.52232859803751852
 0.51882043869383843
 0.51515567566213916
 0.51135638535359151
 0.50744360486603202
 0.5034372656938797
 0.49935615156785079
 0.49521787682045343
 0.49103888179786859
 0.48683444217556693
 0.48261868936642982
 0.47840463952783063
 0.47420422908446674
 0.47002835495342526
 0.4658869180442215
 0.4617888688257919
 0.45774225403976504
 0.45375426384151357
 0.44983127881923635
 0.44597891648945631
 0.44220207697090608
 0.43850498765654999
 0.43489124671823831
 0.4313638653495232
 0.42792530870744078
 0.42457753547858074
 0.42132203606258245
 0.41815986931764559
 0.41509169787994576
 0.41211782201504138
 0.4092382119868328
 0.40645253892609368
 0.4037602041947691
 0.40116036722733356
 0.39865197183905005
 0.39623377101252699
 0.39390435017301489
 0.39166214894141899
 0.38950548142594521
 0.38743255504117241
 0.38544148791930294
 0.38353032494373079
 0.38169705244977775
 0.37993961165372175
 0.37825591086053395
 0.3766438365137687
 0.37510126314906034
 0.37362606231276696
 0.37221611051598852
 0.37086929628192622
 0.36958352635654629
 0.36835673114128059
 0.36718686940834849
 0.36607193236151947
 0.36500994709453821
 0.3639989795023077
 0.36303713669591953
 0.36212256896863715
 0.36125347135766922
 0.36042808484354294
 0.35964469722643394
 0.35890164371238037
 0.3581973072464581
 0.35753011861975437
 0.35689855637819645
 0.35630114655965422
 0.35573646228168354
 0.35520312319832736
 0.35469979484775493
 0.35422518790546215
 0.35377805735767892
 0.3533572016105338
 0.35296146154376595
 0.35258971952279045
 0.35224089837538775
 0.35191396034426925
 0.35160790601941788
 0.35132177325950109
 0.35105463610695015
 0.35080560369849423
 0.35057381917926528
 0.35035845862114351
 0.35015872994709474
 0.34997387186611267
 0.34980315281653013
 0.34964586993122021
 0.34950140173740546
 0.4809069277058069
 0.62196001561622749
 0.60500441832940666
 0.59173781999598074
 0.58048966038192096
 0.57091542432627229
 0.56273561762936775
 0.55572496658147152
 0.54970095340916847
 0.54451479045457074
 0.54004438247382813
 0.53618885682452577
 0.53286430942483887
 0.53000048638544095
 0.52753818416663023
 0.52542720211283489
 0.52362472088776768
 0.52209401071144679
 0.52080339622231919
 0.51972542210882977
 0.51883617666651116
 0.51845353891439405
 0.59708646933108467
 0.59314467972656393
 0.58997705186453453
 0.58725734896377924
 0.5849291432796716
 0.58294276281916513
 0.58125516386013143
 0.57982912354638727
 0.57863244823763516
 0.5776372520165356
 0.57681932384768653
 0.57615758416706797
 0.57563362378892791
 0.57523131515043957
 0.57493648549578613
 0.57473664230123855
 0.57462074238976335
 0.57457899740858265
 0.57460270950692272
 0.57468413209941582
 0.57481635146425281
 0.57499318570137892
 0.57520909816265786
 0.57545912300349655
 0.5757388008980755
 0.57604412331802679
 0.57637148404550376
 0.57671763682176602
 0.57707965821226237
 0.57745491493552303
 0.57784103501331507
 0.57823588220892808
 0.57863753331243861
 0.57904425788107061
 0.57945450013542477
 0.57986686271778787
 0.58028009209905096
 0.58069306542429622
 0.58110477863955923
 0.58151433574123645
 0.58192093903353237
 0.58232388027662874
 0.58272253263658502
 0.58311634335147167
 0.58350482704274687
 0.58388755960934424
 0.58426417264072794
 0.5846343483163019
 0.58499781472585843
 0.5853543415911886
 0.58570373634339756
 0.5860458405187311
 0.58638052647149741
 0.5867076943412799
 0.58702726928314664
 0.58733919892088615
 0.58764345101845794
 0.58794001133631479
 0.58822888167999865
 0.58851007809479328
 0.58878362923024918
 0.58904957483217868
 0.58930796437078492
 0.58955885577776979
 0.5898023143043023
 0.5900384114719055
 0.59026722412089583
 0.59048883353644011
 0.59070332467021613
 0.59091078540753894
 0.59111130593748196
 0.59130497814779759
 0.59149189510375944
 0.59167215056443523
 0.59184583855393746
 0.59201305297546658
 0.59217388725699616
 0.59232843405573399
 0.59247678496575196
 0.59261903028430329
 0.59275525878927449
 0.59288555755315198
 0.59301001177096335
 0.59312870461736944
 0.59324171711549312
 0.5933491280363179
 0.5934510137928799
 0.59354744837704021
 0.5936385032727528
 0.59372424742584717
 0.59380474717950349
 0.59388006624730938
 0.59395026568647247
 0.59401540387963614
 0.59407553651589107
 0.59413071658562566
 0.5941809943797306
 0.59422641748828009
 0.5942670308023742
 0.59430287652628799
 0.59433399418528943
 0.59436042063725236
 0.59438219008219273
 0.59439933408460677
 0.59441188157996705
 0.59441985889913007
 0.5944232897793057
 0.59442219537862284
 0.59441659429643345
 0.5944065025884081
 0.59439193377691701
 0.59437289887460032
 0.59434940638764366
 0.59432146233511585
 0.59428907026220601
 0.59425223125106952
 0.59421094392593399
 0.59416520446576593
 0.59411500662116246
 0.59406034170818856
 0.59400119862923439
 0.59393756386524921
 0.59386942149372923
 0.59379675319199288
 0.59371953823523471
 0.59363775350980874
 0.59355137351077203
 0.59346037035288401
 0.59336471377160327
 0.59326437113224972
 0.59315930742978917
 0.59304948530642232
 0.59293486505009629
 0.59281540461806581
 0.59269105969393898
 0.59256178399526782
 0.59242753040272866
 0.59228825415655917
 0.59214392310635477
 0.59199455798704625
 0.59184037999222716
 0.59168232032847012
 0.59152367668132544
 0.59138025946468342
 0.5913830855134623
 0.59151680126174944
 0.59171685300601717
 0.59234565789174831
 0.59258967402352114
 0.59241000349092932
 0.59213625246542778
 0.59185305487934803
 0.59157211397649334
 0.591298893702351
 0.59106873922071423
 0.59121759641162142
 0.59194451966291861
 0.59222084572975886
 0.5919201440649553
 0.59155595811617934
 0.59145649287621171
 0.59231522823550919
 0.59248427391918024
 0.59212056989584849
 0.591729174522441
 0.59136913127712654
 0.5910803442513769
 0.59136225517848096
 0.59202261384545229
 0.59204742105791475
 0.59210086156358677
 0.59182806918895781
 0.59146479725280499
 0.59194273814561138
 0.59220436920286879
 0.59176514064567409
 0.59154599874631542
 0.59189624653384987
 0.59175341181041374
 0.59193842280849374
 0.59190248233751031
 0.59164272258245776
 0.59185913997940831
 0.59192700713123436
 0.59197114304036913
 0.59162303397149463
 0.59179520766594562
 0.5919696839710592
 0.59187227228116068
 0.59149573231290276
 0.59184784249214262
 0.5919562826811271
 0.59165615430679619
 0.59141586423832482
 0.59240964539275698
 0.59194230000192705
 0.5914716711842215
 0.59165609920182671
 0.59175420251850086
 0.59187282488597071
 0.59177276757694608
 0.59186681764478144
 0.59183486162816079
 0.59169153115707762
 0.59190792652270319
 0.5917840616727662
 0.5916637310296069
 0.59195029927908549
 0.59172604205386869
 0.59171546455717061
 0.5919281175032679
 0.59165167093190763
 0.59183409351189564
 0.59181133349087389
 0.59165853733572515
 0.59188533241458208
 0.59166871663236875
 0.59176242711486282
 0.59178992642880324
 0.59160504879784859
 0.59179166831133012
 0.59166122208054017
 0.59158565379551287
 0.59173253554128324
 0.59158825050115504
 0.59149317419380576
 0.59155067521657589
 0.59127184628619611
 0.59094398783736724
 0.59068186486836383
 0.59049194981008424
 0.59037228696529809
 0.59032077358019008
 0.59033531675624984
 0.59041357849213361
 0.59055268315131704
 0.59074889350693205
 0.59099723829031958
 0.59129107098655698
 0.59162153654762417
 0.59197691825440657
 0.59234183091972392
 0.59269621876705236
 0.59301410628409701
 0.59326203775660458
 0.59339712554357416
 0.59336460830104876
 0.59309480894084965
 0.59249951984963312
 0.59146781549556271
 0.58985681124642231
 0.58748754544077952
 0.58413681779443682
 0.57952378434375473
 0.57329688139681956
 0.56501772360449909
 0.55414181769976389
 0.53999625356547409
 0.52175486719495878
 0.49841243729040124
 0.46876158296047082
 0.4313799850913374
 0.38464271772744607
 0.32678774775385078
 0.25609037566924503
 0.17126185639249519
 0.072242730015315365
 0.00938556973296438



# name: <cell-element>
# type: matrix
# rows: 401
# columns: 1
 0.075670289999224635
 0.091955842056691703
 0.093690455202363396
 0.095423180039751671
 0.097151744505549101
 0.098875425856256513
 0.1005931088329272
 0.10230339635148314
 0.10400470073307883
 0.10569531797842373
 0.10737348644932418
 0.10903743204964371
 0.11068540222205109
 0.11231569095938901
 0.1139266567544636
 0.11551673507233215
 0.11708444660016362
 0.11862840224997413
 0.12014730565844876
 0.12163995376105488
 0.12310523588199318
 0.12454213169948999
 0.12594970835678845
 0.12732711695844354
 0.12867358862675354
 0.12998843026923146
 0.13127102017226924
 0.13252080351001633
 0.13373728783450231
 0.13492003859516974
 0.13606867471500408
 0.13718286424565604
 0.13826232010284892
 0.13930679588677095
 0.14031608177580404
 0.14129000048759657
 0.14222840329126551
 0.14313116605823289
 0.14399818533693437
 0.14482937443738839
 0.14562465951186723
 0.14638397562009253
 0.14710726276818009
 0.14779446191036019
 0.14844551090685729
 0.14906034042832692
 0.14963886980131175
 0.15018100278842339
 0.15068662329601512
 0.15115559100494433
 0.15158773691731114
 0.15198285881301368
 0.15234071660823983
 0.15266102760940919
 0.15294346165097403
 0.15318763611080757
 0.15339311078728651
 0.15355938262969532
 0.15368588030491184
 0.15377195858750173
 0.15381689255391262
 0.15381987156429047
 0.15377999301159631
 0.15369625581624263
 0.15356755364387423
 0.15339266782239727
 0.15317025993188063
 0.15289886404182162
 0.15257687856818034
 0.15220255772307104
 0.15177400253280263
 0.15128915140222585
 0.15074577021493521
 0.1501414419764201
 0.14947355603984952
 0.14873929702148733
 0.14793563362770154
 0.14705930783223728
 0.14610682523275409
 0.14507444813494508
 0.14395819421364628
 0.14275384598181123
 0.14145698063290282
 0.14006303889675861
 0.13847990027782689
 0.53702562134663279
 0.60429916398044781
 0.60172134519242215
 0.59941928569074587
 0.59731948627653064
 0.59539790009963867
 0.59363465638942947
 0.59206010410478682
 0.5907283623994708
 0.59291744090010468
 0.59328440442174046
 0.59204836462215715
 0.59090112290901398
 0.59008886348399536
 0.59384518066549907
 0.5929112388943838
 0.59202748295560503
 0.59120234229952295
 0.59043379859775325
 0.59284949232292572
 0.59208260050104944
 0.59161654177096801
 0.59091125589483462
 0.59041745534960643
 0.59145048718066007
 0.59213576743409957
 0.59168306080672972
 0.5924251381995137
 0.59312068689936337
 0.59265663365641952
 0.59211920804371621
 0.59162229769945862
 0.59116405365885927
 0.59089448876276274
 0.59176029487200832
 0.59239811777392382
 0.592682911807764
 0.59230123354741049
 0.59190088015066211
 0.59153076349273259
 0.59120010318755456
 0.59090702237471338
 0.59082025652506498
 0.59070377835802146
 0.5921658587053189
 0.59323469492104497
 0.59308165828448223
 0.59280926966366654
 0.59255351934849354
 0.59231967550965547
 0.59210559198509816
 0.5919090260805111
 0.59172763081903723
 0.59155824419638348
 0.59139454297254113
 0.59121783205974476
 0.5910589621964315
 0.59115037641657386
 0.59127133443766999
 0.59135847565107968
 0.59139533615132123
 0.59163224942255899
 0.59184122016965024
 0.59193314187276858
 0.59197205726636271
 0.5919936534397835
 0.5919916501661322
 0.59196414622871718
 0.59192528181900361
 0.5918864816841034
 0.59185204006374714
 0.59182077270484945
 0.59179306132605936
 0.59176462725135559
 0.59172185298043434
 0.5916590120752715
 0.59158927264232997
 0.59152367095638603
 0.59146427685641367
 0.59141013819706489
 0.59136021035907327
 0.59131382288467771
 0.59127057055694454
 0.59123018312224318
 0.59119245292202127
 0.59115720303250963
 0.59112427471257634
 0.5910935225280568
 0.59106481221052065
 0.59103801943024747
 0.59101302891255691
 0.59098973367761443
 0.59096803437751377
 0.59094783869387779
 0.59092906079081708
 0.59091162081640325
 0.59089544444960096
 0.59088046248360193
 0.59086661044627931
 0.59085382825214172
 0.59084205988458005
 0.59083125309888163
 0.59082135915714684
 0.59081233257795551
 0.590804130907569
 0.59079671451358551
 0.59079004638597588
 0.59078409196151116
 0.59077881895972584
 0.59077419722300528
 0.59077019858425339
 0.5907667967319753
 0.59076396709007417
 0.59076168670226992
 0.59075993413630346
 0.59075868937867426
 0.59075793375169217
 0.59075764982718804
 0.59075782135017207
 0.59075843316837817
 0.59075947116366434
 0.59076092219170928
 0.5907627740231044
 0.59076501529031666
 0.59076763543794986
 0.59077062467434849
 0.59077397392970243
 0.59077767481452925
 0.59078171958122905
 0.59078610108865748
 0.59079081276932499
 0.59079584859612433
 0.59080120305754491
 0.59080687112180563
 0.59081284821718427
 0.59081913020799059
 0.59082571336658585
 0.59083259435509661
 0.59083977020228717
 0.59084723828525854
 0.59085499631005112
 0.59086304229360531
 0.59087137454594651
 0.59087999165398908
 0.59088889246546938
 0.59089807607491796
 0.59090754180524696
 0.5909172891954918
 0.59092731798606724
 0.59093762810535644
 0.59094821965440736
 0.59095909289324822
 0.59097024822844757
 0.59098168619931102
 0.5909934074629779
 0.59100541278043039
 0.59101770300589296
 0.59103027906708783
 0.59104314195517094
 0.59105629270913596
 0.59106973239883265
 0.59108346211116103
 0.59109748293257847
 0.59111179593304219
 0.59112640214893764
 0.59114130256370379
 0.59115649808960125
 0.59117198954837369
 0.59118777764932751
 0.59120386296808436
 0.59122024592421951
 0.59123692675632544
 0.59125390549593404
 0.59127118194322859
 0.59128875563635952
 0.59130662582158577
 0.59132479142350147
 0.5913432510101202
 0.59136200275743822
 0.59138104441216732
 0.59140037325343386
 0.5914199860481052
 0.59143987900828798
 0.59146004774267436
 0.59148048720832325
 0.59150119165495629
 0.59152215457034552
 0.5915433686198377
 0.59156482558345214
 0.59158651628778924
 0.59160843053468404
 0.59163055702713241
 0.59165288328615073
 0.5916753955671975
 0.59169807876949321
 0.59172091633993429
 0.59174389017086115
 0.59176698049288834
 0.59179016575887544
 0.59181342252464153
 0.59183672531748754
 0.59186004650109858
 0.59188335612911391
 0.59190662179572895
 0.5919298084630169
 0.59195287829942611
 0.5919757904897206
 0.59199850104098006
 0.59202096257797265
 0.59204312412504012
 0.59206493087251066
 0.59208632393309202
 0.59210724008053606
 0.5921276114745182
 0.59214736536806101
 0.5921664237978026
 0.59218470325468331
 0.59220211434041059
 0.59221856139118167
 0.59223394209454661
 0.59224814707075057
 0.59226105943718532
 0.59227255434177095
 0.59228249847042092
 0.59229074952929772
 0.59229715568678443
 0.59230155498883841
 0.59230377474358342
 0.59230363085838733
 0.59230092714600557
 0.59229545458235933
 0.59228699052786271
 0.59227529788834343
 0.59226012421810559
 0.59224120074589948
 0.59221824129126843
 0.59219094103893444
 0.59215897516431615
 0.59212199741508087
 0.5920796389807973
 0.59203150826731743
 0.59197719233746204
 0.59191626088936322
 0.59184827548289121
 0.59177281616959754
 0.59168956753950552
 0.59159860713316903
 0.59150199352233535
 0.59141913580422734
 0.59147289898918975
 0.59156174244523518
 0.59146365185302829
 0.59140964839492383
 0.59179086577442397
 0.592373370103212
 0.5923707220930805
 0.59212645123537999
 0.59184239060293553
 0.5915616358022332
 0.59134174752506674
 0.59139171035801763
 0.59207028635730652
 0.59289599848444863
 0.59308102350722369
 0.59267515735790721
 0.59211163507036857
 0.59152060871668088
 0.59091693617259577
 0.59043790493338322
 0.59100122284450529
 0.59217106689816335
 0.5929349797775284
 0.59229689507454808
 0.59134784853452549
 0.59050817669098465
 0.5925627822765076
 0.59181118135779809
 0.59122292217875905
 0.59179485277625687
 0.59198728915479804
 0.59192020330346806
 0.59186503699627224
 0.59179647115270984
 0.59165095767436549
 0.59156234238123317
 0.59154596731205444
 0.59326422905210185
 0.59460313627267902
 0.5920140577288513
 0.58926499453786807
 0.59057015424843895
 0.59185379046744513
 0.59128916022146893
 0.59282714536542491
 0.59232129511272291
 0.59221455531050438
 0.588866937283269
 0.59301392894134486
 0.58838615912169323
 0.58369952362202693
 0.57891727581212915
 0.57399890748653293
 0.56890003716019655
 0.56357415424016433
 0.55796939649650157
 0.55202376946893539
 0.54565705104794471
 0.53875568310104716
 0.53114267864851283
 0.52251561066703522
 0.51231982490404293
 0.49951221210556618
 0.48225267969843033
 0.45801872657918857
 0.42531200764724492
 0.40330389148074663



# name: <cell-element>
# type: matrix
# rows: 401
# columns: 1
 0.46551091623843188
 0.50888888640097285
 0.46258815057849895
 0.49283976836358639
 0.49681886570934158
 0.50038319877379112
 0.50352636350164748
 0.50624538772323535
 0.50853920924408147
 0.53246608259472861
 0.51198071943023138
 0.51303681296064785
 0.51370380534005833
 0.51399913226432559
 0.51394151889264028
 0.51355172176449149
 0.51285209351683148
 0.51186614775138362
 0.51061813971175551
 0.50913267451233235
 0.50743435108956436
 0.50554744700725207
 0.50349564670015345
 0.5013018137192683
 0.49898780595885778
 0.49657433167497278
 0.4940808432692555
 0.49152546524815965
 0.48892495243492334
 0.48629467433158896
 0.48364862146836701
 0.48099942956762587
 0.47835841731070416
 0.47573563336621644
 0.47313990795023581
 0.47057890338517527
 0.46806073680052246
 0.45599802851794097
 0.46327448800194065
 0.46085050917105491
 0.45848738681084317
 0.4561863957042821
 0.45394962247132598
 0.45177855072652384
 0.44967414551602719
 0.44763692474861555
 0.44566702089342031
 0.44376423502708007
 0.44192808460021654
 0.44015784585195589
 0.43845259153539184
 0.43681122445872683
 0.43523250725085361
 0.43371508869720815
 0.43225752695788816
 0.43085830994984919
 0.42951587315468043
 0.42822861509706006
 0.42699491072339557
 0.42581312289331208
 0.42468161218178752
 0.42359874517809681
 0.42256290145078745
 0.42157247933193837
 0.42062590066727623
 0.41972161465940777
 0.41885810092031023
 0.41803387184217289
 0.41724747437873533
 0.41649749132349229
 0.41578254215927274
 0.41510128354767334
 0.41445240951646062
 0.41383465139581704
 0.41324677755163802
 0.41268759295260593
 0.41215593860769334
 0.41165069089973844
 0.41117076084501958
 0.41071509329615652
 0.41028266610829045
 0.40987248928288345
 0.4094836041009885
 0.40911508225715187
 0.40876602500060955
 0.40843556229135553
 0.40812285197405174
 0.40782707897649645
 0.40754745453107499
 0.40728321542364643
 0.40703362326976872
 0.40679796381891958
 0.40657554628450587
 0.40636570270268241
 0.4061677873143863
 0.40598117597347244
 0.40580526557796148
 0.40563947352104973
 0.40548323716470625
 0.40533601332985408
 0.40519727780486203
 0.40506652486933131
 0.40494326683264309
 0.4048270335840925
 0.40471737215771009
 0.40461384630476932
 0.40451603607903236
 0.40442353742961606
 0.40433596180278342
 0.40425293575316679
 0.404174100560729
 0.40409911185985165
 0.40402763926376994
 0.40395936602112836
 0.4038939886571612
 0.40383121663646804
 0.40377077203213846
 0.40371238920523123
 0.40365581482506852
 0.40651669222300241
 0.41385397553145636
 0.41394105806997233
 0.41403012791605343
 0.41411972083354642
 0.60988684485162803
 0.60087106992282846
 0.59322160013230618
 0.59110409474077841
 0.59209611812569651
 0.58960046193192039
 0.59387404116101317
 0.59147473841389686
 0.59178922221256758
 0.59118309930666257
 0.59353882501805555
 0.59132329376155235
 0.59271254637110571
 0.58998982512290365
 0.59243206950455607
 0.59069250114696459
 0.59285744983896604
 0.59235593818583376
 0.5906290859142137
 0.59256667535783702
 0.59269344773490007
 0.59155818605649912
 0.5902525678891084
 0.59335929101734897
 0.5925461372187808
 0.59157420961780061
 0.59477329390072065
 0.58994618952107614
 0.58928535961734341
 0.59339132427422892
 0.59291664661942722
 0.59248180790067084
 0.59209762211789729
 0.59175746239790916
 0.59145256573271809
 0.59117816433410053
 0.59094896463374935
 0.59075963387732588
 0.59060038918895086
 0.59046712171200721
 0.59035719733156944
 0.59026837595663884
 0.59019863441110865
 0.59014613120000081
 0.59010918754011688
 0.59008627137837566
 0.59007598321890919
 0.59007704348584844
 0.59008828123316415
 0.59010862403450004
 0.59013708892308292
 0.59017277425311521
 0.59021485238033322
 0.59026256306661606
 0.59031520753653721
 0.59037214310470454
 0.5904327783201031
 0.59049656857102628
 0.59056301209989182
 0.59063164638999099
 0.59070204488174949
 0.59077381399023543
 0.59084659038958864
 0.59092003854111674
 0.5909938484389673
 0.59106773355533548
 0.59114142896253929
 0.59121468961848389
 0.59128728879798353
 0.59135901665773394
 0.59142967892125586
 0.59149909567448
 0.59156710025973369
 0.59163353826228826
 0.59169826657768443
 0.59176115255554129
 0.59182207321141789
 0.59188091450122193
 0.5919375706536939
 0.59199194355437401
 0.59204394217714396
 0.59209348206082324
 0.59214048482462156
 0.59218487772099782
 0.5922265932227887
 0.59226556864005842
 0.59230174576696815
 0.59233507055392443
 0.59236549280454454
 0.5923929658948256
 0.59241744651267025
 0.59243889441672792
 0.59245727221332067
 0.59247254514907244
 0.59248468091862594
 0.59249364948760164
 0.59249942292728808
 0.59250197526217563
 0.59250128232932353
 0.59249732164733571
 0.59249007229632134
 0.59247951480579353
 0.59246563105156513
 0.59244840415589783
 0.59242781838072234
 0.59240385897612735
 0.59237651188714302
 0.59234576307890674
 0.59231159704879366
 0.59227399395012292
 0.59223292510806869
 0.59218834803350451
 0.59214020446089388
 0.59208842796458971
 0.59203297260255228
 0.59197388218546765
 0.59191139788178859
 0.59184592383243484
 0.59177755353456241
 0.59170583683472355
 0.59163042457875714
 0.59155105738865721
 0.59146652354168672
 0.59138102313788976
 0.59131043154237306
 0.59125362287377881
 0.59120761073050609
 0.59115405016271982
 0.59127398741461457
 0.59152532421800919
 0.59165504148692061
 0.59178823826181048
 0.59205128126287032
 0.59248150762630436
 0.59273935600673022
 0.59270993166349173
 0.5925509341216455
 0.5923615754774193
 0.59216903935441767
 0.59197699260302339
 0.59178314135774912
 0.59157921414473313
 0.59135003825393495
 0.59118141770069288
 0.59104047313902475
 0.59090328564029304
 0.59101711747297492
 0.59190560028183492
 0.59244931971858072
 0.59235502331354128
 0.59208460421255926
 0.59180365882167862
 0.59154258245354541
 0.59134014211952912
 0.59127562345338791
 0.59153692313824091
 0.59203531413591093
 0.59202535909080189
 0.59173322441300868
 0.5915025271950336
 0.5918555486127739
 0.59253554969308575
 0.5924247106859073
 0.59211428569348779
 0.59181327538330442
 0.59151347952927902
 0.59127799348095111
 0.59118600600460891
 0.59149927242411893
 0.59193390460148021
 0.59179321365927318
 0.59166589500394384
 0.59206829717727494
 0.59217476633053767
 0.59187095594848238
 0.59154273279138647
 0.59149976176005359
 0.59228002921974998
 0.59236056053123476
 0.59204073960189285
 0.59171037403701354
 0.59141708494997047
 0.59120337506461251
 0.59143088420884404
 0.59197701200189912
 0.59187615999339649
 0.59160108481146101
 0.59136520491171474
 0.59110772044335902
 0.59078810598731579
 0.59046261145842716
 0.59014950934948129
 0.58984961221809384
 0.58956209379032332
 0.58928625711504012
 0.58902158575737973
 0.58876771439645137
 0.58852440406586826
 0.58829152269685281
 0.58806902971250452
 0.58785696371887808
 0.58765543258818964
 0.58746460539881351
 0.58728470583264991
 0.58711600671632658
 0.58695882547455647
 0.58681352030405609
 0.58668048692460995
 0.58656015578585008
 0.58645298964287684
 0.58635948140915817
 0.58628015223337715
 0.58621554973234125
 0.58616624633431413
 0.58613283767935509
 0.58611594103366516
 0.58611619366521961
 0.58613425113390927
 0.58617078543530632
 0.58622648293772828
 0.58630204203882086
 0.58639817045109488
 0.58651558202075538
 0.58665499294723622
 0.58681711726154173
 0.58700266137819346
 0.58721231750033698
 0.5874467556120242
 0.58770661372577815
 0.58799248598729059
 0.58830490814342351
 0.58864433977371844
 0.58901114254661302
 0.58940555359084101
 0.589827652873541
 0.59027732320505266
 0.59075420119165478
 0.5912576170431183
 0.59178652067091742
 0.59233939089353704
 0.59291412381862496
 0.5935078955281573
 0.59411699302593124
 0.5947366059465059
 0.59536056971706441
 0.59598104859122392
 0.59658814417215977
 0.59716941153409886
 0.59770926072113817
 0.59818821604539407
 0.59858199901142717
 0.59886039265895286
 0.59898583537659911
 0.59891168063423195
 0.59858004546386667
 0.59791915501037718
 0.59684007350375012
 0.59523277925885454
 0.59297009816142943
 0.5903304091320789
 0.59175400658594002
 0.59239130478225588
 0.59390562507328881
 0.58971194212675559
 0.59632299946957401
 0.58067658653630128
 0.59757203386258662
 0.57145864230761079
 0.53983882779267978
 0.50151074013046582
 0.45509741145919586
 0.39909486334163613
 0.33195321930761323
 0.25227026008746345
 0.15919159828600241
 0.053447823892973451
 0



# name: <cell-element>
# type: matrix
# rows: 401
# columns: 1
 0.077636399166304257
 0.087742623719127194
 0.07817776112116491
 0.085585496271581393
 0.087342061297585288
 0.089103210383671333
 0.090866915587617211
 0.092630793468149758
 0.094392202458234209
 0.10272383322364875
 0.098012870584896383
 0.099749462993648022
 0.10147222367715127
 0.10317852847583629
 0.10486588844026258
 0.10653198071762486
 0.10817466048097028
 0.10979196594334448
 0.11138211799607727
 0.11294351577520811
 0.11447472935091987
 0.11597449045034722
 0.11744168200756634
 0.11887532713102926
 0.12027457793229863
 0.12163870454045472
 0.12296708452184042
 0.12425919283458724
 0.12551459239834536
 0.12673292528715846
 0.12791390455557841
 0.12905730664031273
 0.13016296427801227
 0.13123075987499752
 0.13226061922617249
 0.13325250545090828
 0.13420643333415266
 0.12600938269948916
 0.13594239085599866
 0.13678437602314142
 0.13758859637489748
 0.13835512114582937
 0.1390840425256476
 0.13977545165860422
 0.14042943447929529
 0.14104606738448755
 0.14162541278716001
 0.14216751456656179
 0.14267239342524826
 0.14314004214863305
 0.14357042077618576
 0.14396345166316285
 0.14431901444183404
 0.14463694086288043
 0.14491700951460265
 0.14515894040683719
 0.1453623894102806
 0.14552694253589665
 0.14565211004207479
 0.145737320354208
 0.14578191377951424
 0.1457851359932372
 0.14574613128661679
 0.14566393554002743
 0.14553746890853747
 0.14536552818647547
 0.1451467788269821
 0.14487974658477057
 0.14456280875147914
 0.14419418495474751
 0.14377192748679615
 0.1432939111398345
 0.14275782252727104
 0.14216114889237164
 0.14150116643947294
 0.14077492828845867
 0.13997925228653968
 0.13911070913795101
 0.13816561177041689
 0.13714000767022616
 0.13602967745509784
 0.13483014581299846
 0.13353671622255825
 0.13214455074455839
 0.12995296140225135
 0.63239102414230042
 0.62769843470807218
 0.62362860731713354
 0.62006021772093611
 0.61690842257858147
 0.61410628301984627
 0.61160057825232728
 0.60934857284454991
 0.60731558188580848
 0.60547315088824161
 0.60379769386462512
 0.60226946860609631
 0.60087179954482561
 0.59959048295690931
 0.59841332729125973
 0.59732979440973155
 0.59633071685422623
 0.59540807290823916
 0.59455480600715671
 0.59376467992229121
 0.59303223607582201
 0.59235339494071804
 0.59172760932143031
 0.5911755323504817
 0.59096275335723059
 0.59192660424135934
 0.59291861101266685
 0.59255807627705659
 0.59204761606549616
 0.59162023782393292
 0.59119922009514092
 0.5910329560124834
 0.5917185915470845
 0.59275914433372645
 0.59260206022402728
 0.59219380853267944
 0.59179785905567761
 0.59143493411584658
 0.59124339097067879
 0.59113385486867842
 0.59153720726435688
 0.59152748953764422
 0.59182438592367326
 0.5919268934600207
 0.59193662128078905
 0.59192393202289351
 0.59188753248931614
 0.59184545208694816
 0.59182526232783916
 0.5917738125463371
 0.59173926967696522
 0.59174262390044174
 0.59169558362771024
 0.59161427180529336
 0.5915634228404163
 0.59151071327883953
 0.59141127790456083
 0.59129362902952054
 0.59117823016845905
 0.5910704505029265
 0.59097081283214181
 0.5908788415414794
 0.59079394006277475
 0.59071554090618017
 0.59064311595365915
 0.60058621735597617
 0.5908079180981215
 0.59122094524244784
 0.59146466181623147
 0.59153897235377162
 0.59161551258340028
 0.591635139966878
 0.59159562561675616
 0.59153353579552503
 0.59146874042180064
 0.59140747907524971
 0.59135101265511347
 0.59129925933507499
 0.59125186383807726
 0.59120845375412534
 0.59116868804557376
 0.59113226086629034
 0.59109889789943448
 0.59106835232243504
 0.59104040135185743
 0.59101484333869791
 0.59099149530295902
 0.59097019082286917
 0.59095077822098185
 0.59093311899117595
 0.59091708643589125
 0.59090256447533596
 0.59088944660702425
 0.59087763498967627
 0.59086703963688358
 0.59085757769990532
 0.59084917283409322
 0.59084175463127642
 0.59083525811398907
 0.59082962327918953
 0.59082479469153748
 0.59082072111309047
 0.59081735516994671
 0.59081465305023495
 0.59081257422982592
 0.59081108122164827
 0.59081013934827331
 0.59080971653384573
 0.59080978311362453
 0.59081031165953812
 0.59081127681882073
 0.59081265516982306
 0.59081442508290183
 0.59081656659840109
 0.59081906131108708
 0.59082189226391479
 0.59082504384979206
 0.59082850172188839
 0.59083225270868411
 0.59083628473719174
 0.59084058676104756
 0.59084514869329607
 0.59084996134510603
 0.59085501636819071
 0.59086030620077645
 0.5908658240193102
 0.59087156369091065
 0.59087751973117852
 0.59088368726365337
 0.59089006198339822
 0.59089664012064846
 0.59090341840934613
 0.5909103940562187
 0.59091756471317103
 0.59092492844870637
 0.59093248372464391
 0.59094022937163326
 0.59094816456712329
 0.59095628881465656
 0.59096460192386324
 0.59097310399169622
 0.59098179538461615
 0.59099067672188887
 0.59099974885938678
 0.59100901287325869
 0.59101847004663499
 0.59102812185341003
 0.59103796994540392
 0.59104801613848679
 0.59105826239900039
 0.59106871083095225
 0.59107936366294977
 0.59109022323511473
 0.5911012919869465
 0.59111257244317839
 0.59112406720232413
 0.59113577892237501
 0.59114771030757274
 0.59115986409537524
 0.59117224304155935
 0.59118484990596942
 0.59119768743789158
 0.5912107583598819
 0.5912240653519506
 0.59123761103447159
 0.59125139795002779
 0.59126542854588049
 0.59127970515282402
 0.59129422996590342
 0.59130900502231454
 0.5913240321779144
 0.59133931308348864
 0.59135484915892567
 0.5913706415658051
 0.59138669117907938
 0.59140299855588319
 0.59141956390371608
 0.59143638704542889
 0.59145346738344395
 0.59147080386015671
 0.59148839491766481
 0.59150623845361883
 0.59152433177476227
 0.59154267154780149
 0.59156125374748114
 0.59158007360049336
 0.59159912552680449
 0.59161840307721125
 0.59163789886686813
 0.59165760450449123
 0.59167751051801076
 0.59169760627532564
 0.59171787989937785
 0.59173831817988154
 0.59175890647792118
 0.59177962862591194
 0.59180046682125642
 0.591821401512998
 0.59184241128339499
 0.59186347272049888
 0.59188456028382597
 0.59190564616310282
 0.59192670012724802
 0.59194768936509279
 0.59196857831691652
 0.59198932849590802
 0.59200989829911843
 0.59203024280793326
 0.59205031357584326
 0.59207005840572069
 0.59208942111228968
 0.59210834127243495
 0.5921267539605185
 0.59214458946859982
 0.59216177301030926
 0.59217822440923384
 0.59219385776731637
 0.59220858111662877
 0.59222229605027732
 0.59223489733215118
 0.59224627248549344
 0.59225630135790586
 0.59226485566135834
 0.59227179848711098
 0.5922769837933779
 0.59228025586333244
 0.59228144873648314
 0.59228038561125174
 0.5922768782314104
 0.59227072628889454
 0.59226171693947294
 0.59224962467945674
 0.59223421215979288
 0.59221523308506108
 0.59219243907923946
 0.59216559264007385
 0.59213448649784362
 0.59209896371006532
 0.59205892232567991
 0.59201427826313335
 0.59196486056699915
 0.59191023544819266
 0.59184950344178466
 0.59178116034044692
 0.59170306452301435
 0.59161331730388678
 0.59152403133983111
 0.5914398330805124
 0.59134938942869242
 0.59133008845398682
 0.59149496854104822
 0.59139705649734242
 0.59127625276834872
 0.59152632996732202
 0.59225833164846209
 0.59229397947490459
 0.59203861498740906
 0.59174837868869556
 0.59150081942495436
 0.59170849816573201
 0.59236861669033303
 0.59221401692130171
 0.59180564704812488
 0.59138599283766857
 0.59142063346630658
 0.59250787425869444
 0.59219741906106416
 0.59162806439720406
 0.59115485535718526
 0.59197741236767898
 0.59181643962887576
 0.59139506619734816
 0.59158982483691935
 0.5918599229325292
 0.59238512967252965
 0.59188637943809896
 0.59137888296149177
 0.59173486997381219
 0.59184137283754101
 0.59180125430397723
 0.59177483962777933
 0.59184712994131061
 0.59176558129075918
 0.5917357619603909
 0.59163973815239357
 0.59149056133233724
 0.59313930202350562
 0.59506087660500906
 0.59219080258625145
 0.58927371015422658
 0.59128463826685174
 0.59092597821907777
 0.59218077476220154
 0.59468816300772565
 0.59112207371187075
 0.58723206760143531
 0.5951176585331448
 0.59217143816983442
 0.59093438626517159
 0.59184679826399689
 0.59171400466855517
 0.59222391049111123
 0.59149376719381697
 0.59215581695129305
 0.59156551668396562
 0.59185779476216926
 0.59163932125264762
 0.59181219599989909
 0.59188790932613145
 0.59174269451230155
 0.59190977447579252
 0.59158314336243911
 0.59200122479720085
 0.5816285573945863
 0.47038376951556204
 0.40000000000000002



# name: <cell-element>
# type: matrix
# rows: 401
# columns: 1
 0.39361716875141595
 0.40064507365251789
 0.40515438432553647
 0.40933251873645754
 0.41316763648977867
 0.41664855719913019
 0.41976568037234302
 0.42251172626096184
 0.42897409798802771
 0.42690375274846987
 0.42852208496811323
 0.42977212896067835
 0.43066291549236801
 0.43120651626186363
 0.43141772428525849
 0.43131366955877543
 0.43091340216809743
 0.43023746404405178
 0.42930746683128496
 0.42814568954052401
 0.42677470609039808
 0.425217049621125
 0.42349491772349013
 0.42162992042415309
 0.41964287093864655
 0.41755361779833766
 0.41538091591195109
 0.41314233340533296
 0.41085419062932149
 0.40853152749398558
 0.4061880952369441
 0.4038363688128378
 0.40148757626721837
 0.39915174172951207
 0.39683773894697261
 0.39455335261914348
 0.39230534512559029
 0.39009952657464897
 0.38794082641982852
 0.38583336519186906
 0.38378052516108119
 0.38178501899933409
 0.37984895572470873
 0.37797390339671416
 0.37616094820038393
 0.37441074968622223
 0.3727235920517053
 0.37109943143716673
 0.36953793928651274
 0.3680385418786935
 0.36660045617835857
 0.3652227221860691
 0.36390423199077399
 0.3626437557378564
 0.36143996473555423
 0.36029145191978901
 0.35919674989738959
 0.35815434677787578
 0.35716269999977601
 0.35622024833797766
 0.35532542227231434
 0.35447665288016666
 0.35367237939620205
 0.35291105556504559
 0.35219115488143898
 0.35151117477914351
 0.35086963977246649
 0.35026510347578976
 0.34969614928852727
 0.34916138932662377
 0.34865947205569581
 0.34691079012209169
 0.34774059999300927
 0.34731500872721172
 0.34691939370803343
 0.34655040393485614
 0.34620493797954577
 0.34588388797607017
 0.3455861786066543
 0.34531076948538297
 0.34505665569352462
 0.34482286730335188
 0.34460846889720198
 0.34441255891526629
 0.34426324014669307
 0.34419853839008868
 0.34405574896759555
 0.34392824346272116
 0.34381527759917474
 0.34371613546794871
 0.34363012859797881
 0.34355659504555663
 0.34349489850164727
 0.34344442741743453
 0.34340459415081553
 0.34337483413876668
 0.34335460508694837
 0.3433433861860205
 0.34334067735127594
 0.34334599848290343
 0.34335888875217602
 0.34337890590779824
 0.34340562560628873
 0.34343864076318553
 0.3434775609246084
 0.34352201166317903
 0.3435716339890163
 0.34362608378389586
 0.34368503125361616
 0.34374816039819417
 0.34392152653382391
 0.35996924981295825
 0.66291005203074682
 0.64658842883588097
 0.63296907442517858
 0.62154041199657295
 0.61190105618869062
 0.60377094720150104
 0.59669148086061008
 0.59077105487468273
 0.58570943392295749
 0.58144280769786361
 0.60067712120391448
 0.59688255086574071
 0.59363629613850644
 0.59115005912539664
 0.58968113590779847
 0.58764783374648588
 0.58582810532892027
 0.58428017349132277
 0.58297129914762391
 0.58187308032812035
 0.58096080954069074
 0.58021289881315818
 0.5796104071599385
 0.57913665099267642
 0.57877688168142238
 0.57851801755082788
 0.57834842012646426
 0.57825770645095587
 0.57823659091998902
 0.57827675135470447
 0.57837071506290572
 0.57851176143635197
 0.57869383829595511
 0.57891148969542505
 0.5791597933233521
 0.57943430597321177
 0.57973101582369213
 0.58004630048316541
 0.58037688994268166
 0.5807198337127577
 0.58107247156368802
 0.5814324073464
 0.58179748549485588
 0.58216576985519586
 0.58253552453294311
 0.58290519652094663
 0.58327339989378457
 0.58363890137698982
 0.58400060714636903
 0.58435755071975592
 0.58470888182845315
 0.5850538561634081
 0.58539182590946526
 0.58572223099456033
 0.58604459097217654
 0.58635849747353097
 0.58666360716214228
 0.58695963511427052
 0.5872463485403222
 0.58752355124622846
 0.5890996048552396
 0.58806628569278407
 0.58832815489718326
 0.58858036924544688
 0.58882303416086756
 0.58905626745411643
 0.58928020644862356
 0.58949500566020396
 0.58970083458503275
 0.58989787562018869
 0.5900863221270175
 0.59026637664348136
 0.59043824923716814
 0.59060215599836552
 0.59075831766683085
 0.59090695838150875
 0.59104830455079083
 0.5911825838267426
 0.59131002418630485
 0.59143085310853882
 0.5915452968317928
 0.59165357969977606
 0.59175592357866991
 0.59185254734624382
 0.59194366643749063
 0.59202949245563796
 0.59211023283312514
 0.59218609054002591
 0.59225726383810995
 0.59232394607685901
 0.5923863255217745
 0.59244458522003252
 0.59249890289265705
 0.59254945085677213
 0.59259639597074076
 0.59263989959765162
 0.5926801175952735
 0.59271720031711705
 0.59275129262733828
 0.59278253393884128
 0.59281105824981184
 0.59283699419958213
 0.59286046512741808
 0.59288158914494848
 0.59290047920648437
 0.59291724319085815
 0.59293198398358959
 0.5929447995634608
 0.59295578309010466
 0.59296502299691511
 0.5929726030783592
 0.59297860258153823
 0.59298309629661106
 0.5929861546465931
 0.59298784377508729
 0.59298822563332965
 0.59298735806194081
 0.5929852948754285
 0.59298208593990764
 0.59297777724906542
 0.59297241099669995
 0.59296602564927448
 0.59295865600821396
 0.59295033327367253
 0.59294108510658128
 0.59293093568014377
 0.59291990573306042
 0.59290801261537196
 0.59289527033556644
 0.59288168959623444
 0.59286727783440962
 0.59285203924919494
 0.59283597483397743
 0.59281908239914904
 0.59280135659390254
 0.59278278892209613
 0.59276336775882743
 0.59274307835819195
 0.59272190286294557
 0.59269982030649671
 0.59267680661686939
 0.59265283461214058
 0.59262787399891881
 0.59260189136340402
 0.5925748501654492
 0.5925467107247282
 0.59251743021099013
 0.59248696262873879
 0.59245525880350824
 0.59242226636440976
 0.5923879297334369
 0.59235219011728157
 0.59231498552013495
 0.59227625082044855
 0.59223591796635722
 0.5921939163943295
 0.59215017373741818
 0.59210461684008298
 0.59205717312975292
 0.59200777298196561
 0.59195635505634681
 0.59190287948529574
 0.59184736061119847
 0.59178995009259761
 0.59173115549197131
 0.59167243868639496
 0.59161801578429085
 0.59158123256283779
 0.5916010989934416
 0.5916999529950977
 0.59175750224613655
 0.5917436617244014
 0.59171938149319325
 0.59173445911508538
 0.59186076133813337
 0.59226316850544936
 0.59166367041859791
 0.59295638793461736
 0.59278598116854686
 0.59260072521289342
 0.59241140314924889
 0.59222180227430699
 0.5920312255023531
 0.5918369434487184
 0.59163870947579511
 0.59144305211146331
 0.59125438484478843
 0.59106608182722409
 0.59092437210040927
 0.59116583151779822
 0.59181340196988597
 0.59205555516666231
 0.5920347803208823
 0.59173952144935227
 0.59144601641926609
 0.59123423831365884
 0.59124312979671656
 0.59180387531856937
 0.59235114890149876
 0.59272540813254948
 0.59286636423248529
 0.59256336002875698
 0.59213006742871099
 0.59168097533674435
 0.59124312735056428
 0.59092657763346046
 0.59071785112251141
 0.59118677191659119
 0.59174925285513591
 0.59199077719902327
 0.5920077934364486
 0.59200203209493185
 0.59166581806028162
 0.59181473471850476
 0.59190739712262808
 0.59193495922478423
 0.59159611997504769
 0.59178022919693696
 0.59191069643696792
 0.59177123311767654
 0.59148510419508915
 0.59202993078319555
 0.59184618801161482
 0.59171686149807923
 0.59168427137374124
 0.59193337642006438
 0.59174238918436073
 0.59172372712584242
 0.59190868347291958
 0.5916669081303807
 0.59184816904721349
 0.59180501227874038
 0.59170248200226627
 0.59188506091262916
 0.59167912921282373
 0.59188258072175504
 0.59169431962298613
 0.59185927184643539
 0.59171119937351546
 0.59184688088211113
 0.59171692797796693
 0.5918438031186728
 0.59171673959887938
 0.59183494716686214
 0.59172984553669672
 0.59180790697440588
 0.59176645814488715
 0.59176810463464402
 0.5918025607581443
 0.59173711347830982
 0.59180921285060661
 0.5917351996951864
 0.59178710110572796
 0.59175617822171878
 0.59175468272569309
 0.59177301434887064
 0.59172978510974417
 0.59177879197022598
 0.59172103052749703
 0.59177967467427206
 0.59172913924484727
 0.59177352882839662
 0.59175186673880453
 0.59174950225147116
 0.59175278669462084
 0.59171628098734297
 0.59166709680634866
 0.59164732955815369
 0.59297932060725
 0.59422980608211395
 0.5915912160799025
 0.5888073506018181
 0.59451327488258354
 0.59000207061472287
 0.59284090173227166
 0.58962315046965252
 0.5938513614058496
 0.59089170868490448
 0.59246925734064204
 0.59154451625583659
 0.59187939793144306
 0.59227772813807855
 0.59241489668634051
 0.59315604678634348
 0.59042539188100429
 0.56501570627877518
 0.41953556026131317
 0.16379421945205883
 4.4983860253431159e-05



# name: <cell-element>
# type: matrix
# rows: 401
# columns: 1
 0.079611122770710044
 0.081888582964832743
 0.083629213322485088
 0.085377248709765458
 0.087131771703868335
 0.088891247954764371
 0.090653656768655888
 0.092416616168957771
 0.095473479078877418
 0.095956926246872701
 0.097705180065719974
 0.099442888314144148
 0.10116729611352078
 0.10287575929584682
 0.10456577550480482
 0.106235004993828
 0.10788128292089993
 0.10950262475378036
 0.1110972262881629
 0.11266345961371133
 0.11419986616911353
 0.11570514783893593
 0.11717815685406838
 0.11861788509019092
 0.12002345321046287
 0.12139409997076046
 0.12272917190587823
 0.12402811353009535
 0.12529045812578482
 0.12651581914436863
 0.12770388221122425
 0.12885439770267074
 0.12996717384873854
 0.1310420703050994
 0.13207899213662244
 0.13307788415083946
 0.13403872552499624
 0.13496152467162784
 0.13584631429262797
 0.13669314657727438
 0.13750208850432766
 0.13827321721342575
 0.13900661541628903
 0.13970236682158349
 0.14036055155285868
 0.14098124154060146
 0.14156449587375958
 0.14211035609733913
 0.14261884144545389
 0.143089943999474
 0.14352362376243619
 0.14391980364128534
 0.14427836432826274
 0.14459913907178459
 0.14488190832860182
 0.14512639428561847
 0.1453322552403486
 0.14549907982713234
 0.1456263810748166
 0.14571359028011491
 0.14576005067902315
 0.14576501089724472
 0.14572761815814619
 0.14564691122535692
 0.14552181305439565
 0.14535112312590701
 0.14513350942964023
 0.1448675000654738
 0.14455147442291977
 0.14418365389428275
 0.14376209224798805
 0.14136846903024372
 0.1427563470870635
 0.14216062753021685
 0.14150366710678566
 0.14078034882510246
 0.13998553288865395
 0.13911779467965288
 0.13817344986153468
 0.13714855936410472
 0.1360388863333129
 0.13483996522188088
 0.1335471032240349
 0.13215546440932197
 0.12985777241572391
 0.63287854860809578
 0.62818497214876134
 0.62410204725877849
 0.62052151657349808
 0.61735852753974008
 0.61454607496300206
 0.6120308504181694
 0.60977002776473754
 0.60772883674364009
 0.60587874629064564
 0.60419610349758035
 0.60266110856960375
 0.60125703684179999
 0.59996964295840371
 0.59878670017407853
 0.59769764064226216
 0.596693271838591
 0.59576555088580674
 0.59490740333505221
 0.59411257676004769
 0.59337557355614046
 0.59269282919300481
 0.5920717475259446
 0.59162417130816247
 0.5924696945688559
 0.59336986070974818
 0.59300162142808954
 0.59254972176839604
 0.59212436591121165
 0.59172374049677678
 0.59133962725288602
 0.5909536909489771
 0.59066715383930046
 0.5905362986160454
 0.59056306812417969
 0.59256829659570831
 0.59298954995591546
 0.59268475796891096
 0.59236877645597719
 0.59207387517675603
 0.59179564737689616
 0.59153110458325797
 0.59131764546882293
 0.591251928815689
 0.59115907902098408
 0.59118711972576932
 0.59147317860110293
 0.59179368440144309
 0.5919056128338589
 0.5919354423374692
 0.59194373834586667
 0.59193087112757958
 0.59191318643928226
 0.59190821549372874
 0.59189642998396241
 0.59186963989290919
 0.59185185608535074
 0.59185497404050735
 0.59185077923097495
 0.59182415322414361
 0.5917922064600547
 0.5917895550048049
 0.59182110788178699
 0.59184581920806723
 0.59184474898704109
 0.59182307947484392
 0.59179684615135775
 0.59179188287491535
 0.59182531156745422
 0.59186483048243677
 0.59187487266945626
 0.59186339454156511
 0.59184552902723886
 0.59182691067142201
 0.59180845594688614
 0.5917914028819522
 0.59177332595724219
 0.59174968815760964
 0.59172060199429122
 0.59168556210798651
 0.59164205534710046
 0.59159322706477246
 0.59154430434250982
 0.5914977864965576
 0.59145419315334424
 0.59141342341091852
 0.59137527921412747
 0.59335250622356916
 0.59130557218968016
 0.59127427079089678
 0.59124510790264628
 0.5912178951268785
 0.59119250083880759
 0.59116881794805387
 0.59114675078771661
 0.59112621086294093
 0.5911071154068126
 0.59108938675319211
 0.59107295194007048
 0.59105774239463504
 0.59104369364906439
 0.59103074508396047
 0.5910188396868129
 0.59100792382877909
 0.59099794705696784
 0.59098886190177535
 0.59098062369716431
 0.59097319041303953
 0.59096652249912274
 0.59096058274070207
 0.59095533612184536
 0.59095074970014572
 0.59094679248678161
 0.5909434353383145
 0.59094065085184999
 0.59093841326956997
 0.59093669838746099
 0.59093548347117064
 0.59093474717729633
 0.59093446947734274
 0.59093463158917126
 0.59093521591146214
 0.59093620596132035
 0.5909375863181382
 0.59093934256688863
 0.59094146124922287
 0.59094392981356025
 0.5909467365710499
 0.5909498706522216
 0.59095332196612727
 0.59095708116346501
 0.59096113959971353
 0.59096548930178638
 0.59097012293535556
 0.59097503377459659
 0.59098021567367121
 0.59098566303911959
 0.59099137080336706
 0.5909973344009134
 0.59100354974454827
 0.59101001320209745
 0.59101672157577567
 0.59102367208149909
 0.59103086232919078
 0.59103829030342114
 0.59104595434523255
 0.59105385313496839
 0.59106198567494839
 0.59107035127238361
 0.59107894952369566
 0.59108778029855769
 0.59109684372413351
 0.59110614016992125
 0.59111567023220424
 0.59112543471946177
 0.59113543463745577
 0.59114567117294403
 0.59115614567983876
 0.59116685966349292
 0.59117781476516329
 0.591189012745579
 0.59120045546950251
 0.59121214488947416
 0.59122408302764662
 0.5912362719591725
 0.59124871379268007
 0.59126141065299798
 0.59127436465998151
 0.59128757790849229
 0.59130105244629572
 0.59131479025208988
 0.59132879321075071
 0.59134306308939311
 0.59135760150945205
 0.59137240992020434
 0.59138748956826581
 0.59140284146742705
 0.5914184663637696
 0.59143436470327293
 0.591450536592807
 0.59146698176209944
 0.59148369952112112
 0.59150068871629269
 0.59151794768471333
 0.59153547420259978
 0.59155326543386932
 0.59157131787425177
 0.59158962729088793
 0.59160818866098663
 0.59162699610438585
 0.59164604281296995
 0.59166532097699509
 0.59168482170643477
 0.59170453494878283
 0.59172444940245261
 0.59174455242788226
 0.59176482995525514
 0.5917852663906602
 0.59180584452383844
 0.59182654543594104
 0.59184734841938202
 0.59186823090628782
 0.59188916851020756
 0.58987810314652422
 0.59193078184662717
 0.59195167337325516
 0.5919724923279337
 0.59199319819498553
 0.59201374753994063
 0.59203409359371795
 0.59205418594294557
 0.59207397022874719
 0.59209338784434506
 0.59211237562863039
 0.59213086554907035
 0.59214878437360108
 0.59216605332548611
 0.59218258772318166
 0.59219829659814405
 0.59221308229634162
 0.59222684005322879
 0.59223945754708529
 0.59225081442730187
 0.59226078181479413
 0.5922692217752541
 0.59227598676105331
 0.59228091902306723
 0.59228384998667194
 0.59228459959323787
 0.59228297560208221
 0.59227877284637442
 0.59227177243219276
 0.59226174084908612
 0.59224842893848084
 0.59223157059442866
 0.59221088101595876
 0.59218605428933679
 0.59215676023017527
 0.59212264089658784
 0.59208330805572829
 0.59203834383449994
 0.59198730746427086
 0.59192975107438928
 0.59186524481482683
 0.59179340133202374
 0.59171387881647408
 0.59162636199724972
 0.59153066005297317
 0.59142900084718408
 0.59135460215599722
 0.59147554898924315
 0.59149081302944417
 0.59136087336654442
 0.59130663525908866
 0.59182632089612064
 0.59239781406535519
 0.59230286836365376
 0.59203104053602662
 0.59173360136957087
 0.59145152844628857
 0.59156457151256692
 0.59282694364878952
 0.59291851358763403
 0.59251521685779052
 0.59205780002419195
 0.59157473541655492
 0.5910904722338115
 0.59078172219430036
 0.59088696734441803
 0.59163042319610348
 0.59219176535137941
 0.59194449739184685
 0.59180585609291669
 0.59208957132050077
 0.59191323252689632
 0.5913158547952726
 0.59188266691950453
 0.59184089486404501
 0.59188064572530863
 0.59187387788779233
 0.59185543681360997
 0.59182196534125908
 0.5917876009597004
 0.59174614170443507
 0.59173779228044021
 0.59166952854238553
 0.5914561267393218
 0.59211786255539955
 0.59538990313854312
 0.59262273117779563
 0.58963890356834336
 0.59015299387733189
 0.59261880390290522
 0.59266798258373621
 0.58962790045314539
 0.59519810485111313
 0.59106676099305633
 0.58830482281115248
 0.59434511186195316
 0.59058571187815045
 0.59423143946022927
 0.59078988594421222
 0.59416655945605523
 0.5890017064555233
 0.5925241737563175
 0.58635144918671867
 0.57979165455712756
 0.57275437679660379
 0.56495941731719623
 0.55592665063118973
 0.54478138089667849
 0.52986140032081119
 0.50809499708148631
 0.47492994492642926
 0.42775911650442883
 0.40000753755363638



# name: <cell-element>
# type: matrix
# rows: 401
# columns: 1
 0
 0
 0
 0
 0
 0
 0
 0
 0
 0
 0
 0
 0
 0
 0
 0
 0
 0
 0
 0
 0
 0
 0
 0
 0
 0
 0
 0
 0
 0
 0
 0
 0
 0
 0
 0
 0
 0
 0
 0
 0
 0
 0
 0
 0
 0
 0
 0
 0
 0.12723499522521894
 0.12723499522521894
 0.12723499522521894
 0.12723499522521894
 0.12723499522521894
 0.12723499522521894
 0.12723499522521894
 0.12723499522521894
 0.12723499522521894
 0.12723499522521894
 0.12723499522521894
 0.12723499522521894
 0
 0
 0
 0
 0
 0
 0
 0
 0
 0
 0
 0
 0
 0
 0
 0
 0
 0
 0
 0
 0
 0
 0.74017796192487095
 0.74017796192487095
 0.74017796192487095
 0.74017796192487095
 0.6233980042901861
 0.6233980042901861
 0.6233980042901861
 0.6233980042901861
 0.6233980042901861
 0.6233980042901861
 0.6233980042901861
 0.6233980042901861
 0.6233980042901861
 0.62293832079981981
 0.62293832079981981
 0.62293832079981981
 0.62293832079981981
 0.62293832079981981
 0.62293832079981981
 0.62293832079981981
 0.62293832079981981
 0.62293832079981981
 0.62293832079981981
 0.62293832079981981
 0.62293832079981981
 0.62293832079981981
 0.62293832079981981
 0.62293832079981981
 0.62293832079981981
 0.62293832079981981
 0.62293832079981981
 0.62293832079981981
 0.73971827843450477
 0.73971827843450477
 0.73971827843450477
 0.73971827843450477
 0.73971827843450477
 0.73971827843450477
 0
 0
 0
 0
 0
 0
 0
 0
 0
 0
 0
 0
 0
 0
 0
 0
 0
 0
 0
 0
 0
 0
 0
 0
 0
 0
 0
 0
 0.26892243263093818
 0.26412565865759768
 0.26412565865759768
 0.26412565865759768
 0.26412565865759768
 0.26412565865759768
 0.26412565865759768
 0.26412565865759768
 0.26412565865759768
 0.26412565865759768
 0.26412565865759768
 0.26366597516723145
 0.26366597516723145
 0.26366597516723145
 0.26366597516723145
 0.26412565865759768
 0
 0.12197853776151221
 0.12197853776151223
 0.12197853776151221
 0.12197853776151221
 0.14734570102291275
 0.14734570102291275
 0
 0
 0
 0
 0
 0
 0
 0
 0
 0
 0
 0
 0.31452172093121511
 0.31452172093121511
 0.28915455766981457
 0.16717601990830236
 0.16717601990830236
 0.17237460003512964
 0.17237460003512964
 0.17237460003512964
 0.17237460003512964
 0.17237460003512964
 0.17237460003512964
 0.17237460003512964
 0.17237460003512964
 0.17237460003512964
 0.17237460003512964
 0.17237460003512964
 0.17237460003512964
 0.17237460003512964
 0.17237460003512964
 0.17237460003512964
 0.17237460003512964
 0.17237460003512964
 0.17237460003512964
 0.17237460003512964
 0.17237460003512964
 0.17237460003512964
 0.17237460003512964
 0.17237460003512964
 0.17237460003512964
 0.17237460003512964
 0.17237460003512964
 0.17237460003512964
 0.17237460003512964
 0.17237460003512964
 0.17283428352549587
 0.17283428352549587
 0.17283428352549587
 0.17283428352549587
 0.17283428352549587
 0.17283428352549587
 0.17283428352549587
 0.17283428352549587
 0.17283428352549587
 0.19774176329653018
 0.19774176329653018
 0.1925431831697029
 0.1925431831697029
 0.1925431831697029
 0.1925431831697029
 0.1925431831697029
 0
 0
 0
 0
 0
 0
 0
 0.025367163261400538
 0.025367163261400538
 0.025367163261400538
 0
 0
 0
 0
 0
 0
 0
 0
 0
 0
 0
 0.26892243263093818
 0.26892243263093824
 0.26892243263093818
 0.14694389486942597
 0.14694389486942597
 0.14694389486942597
 0.26892243263093818
 0.26892243263093818
 0.26892243263093818
 0
 0
 0
 0
 0
 0
 0
 0
 0
 0
 0
 0
 0
 0
 0
 0
 0
 0
 0
 0
 0
 0
 0.86215649968638319
 0.85735972571304264
 0.85735972571304264
 0.85735972571304264
 0.85735972571304264
 0.85735972571304264
 0.85735972571304264
 0.85735972571304264
 0.80696366343942516
 0.80696366343942516
 0.80696366343942516
 0.80696366343942516
 0.80696366343942516
 0.80696366343942516
 0.80696366343942516
 0.80696366343942516
 0.80696366343942516
 0.80696366343942516
 0.78159650017802473
 0.78159650017802473
 0.78159650017802473
 0.78159650017802473
 0.78159650017802473
 0.78159650017802473
 0.78159650017802473
 0.78159650017802473
 0.78159650017802473
 0.78159650017802473
 0.78685295764173147
 0.78685295764173147
 0.78685295764173147
 0.78685295764173147
 0.78685295764173147
 0.78685295764173147
 0.78685295764173147
 0.78685295764173147
 0.78685295764173147
 0.78685295764173147
 0.78685295764173147
 0.78685295764173147
 0.78685295764173147
 0.78685295764173147
 0.78685295764173147
 0.78685295764173147
 0.78685295764173147
 0.78685295764173147
 0.78685295764173147
 0.78685295764173147
 0.78685295764173147
 0.78685295764173147
 0.78685295764173147
 0.78685295764173147
 0.78685295764173147
 0.7152704821538366
 0.7152704821538366
 0.7152704821538366
 0.7152704821538366
 0.7152704821538366
 0.7152704821538366
 0.7152704821538366
 0.86215649968638319
 0.86215649968638319
 0
 0
 0
 0
 0
 0
 0
 0
 0
 0
 0
 0
 0
 0
 0
 0
 0
 0
 0
 0
 0
 0
 0
 0
 0
 0
 0
 0
 0
 0
 0
 0
 0
 0
 0
 0
 0
 0
 0
 0
 0
 0
 0
 0
 0
 0
 0
 0
 0
 0
 0
 0
 0



# name: <cell-element>
# type: matrix
# rows: 401
# columns: 1
 0
 0
 0
 0
 0
 0
 0
 0
 0
 0
 0
 0
 0
 0
 0
 0
 0
 0
 0
 0
 0
 0
 0
 0
 0
 0
 0
 0
 0
 0
 0
 0
 0
 0
 0
 0
 0
 0
 0
 0
 0
 0
 0
 0
 0
 0
 0
 0
 0
 0.17797174549136616
 0.17797174549136616
 0.17797174549136616
 0.17797174549136616
 0
 0
 0
 0
 0
 0
 0
 0
 0
 0
 0
 0
 0
 0
 0
 0
 0
 0
 0
 0
 0
 0
 0
 0
 0
 0
 0
 0
 0
 0
 0
 0
 0.65453353605576936
 0.65453353605576936
 0.65453353605576936
 0.65453353605576936
 0.65453353605576936
 0.6544577413233309
 0.64986365993893835
 0.64576651980502053
 0.6418028316558726
 0.63820999972761172
 0.63501220500411015
 0.63217501402776444
 0.62965147227717322
 0.62739720360015727
 0.62629748344150471
 0.6261810793654804
 0.62607077391874488
 0.62596708521346189
 0.62586916044613494
 0.6257761697358758
 0.62574099139070716
 0.62573534037090084
 0.62574298153778363
 0.62576156858992438
 0.62578905833569154
 0.62582367904442993
 0.62586388884876343
 0.62590834025403674
 0.62595584973449347
 0.62600537157499037
 0.62605597526120704
 0.62610682583834043
 0.62615716675343547
 0.62620630477480532
 0.62625359664544067
 0.62629843718061906
 0.62631394958615305
 0.6262721622786267
 0.62622570988502291
 0.62617415918716024
 0.62616614411762139
 0.62618446094512126
 0.62619636037466453
 0.62620121924426531
 0.62619837903427067
 0.62618713911867174
 0.6261667499650394
 0.62613640620772193
 0.62609523951793689
 0.62604231118806408
 0.62597660433619007
 0.62589701561570177
 0.62580234628153786
 0.62568714372717649
 0.62554894159645524
 0.62539238368156391
 0.62521600141788392
 0.62514866518712542
 0.62647223545073583
 0.62787816222395898
 0.62939274038211945
 0.62304921354435505
 0.6138803273583574
 0.60582403032282839
 0.59877519261481615
 0.59264598087424059
 0.58765613720265031
 0.58313257509356009
 0.57930841533914945
 0.57612271674007709
 0.57351994674773998
 0.57144956145830239
 0.56986562568646382
 0.56872646822007533
 0.56799436850977725
 0.56763527200956077
 0.56761853228737369
 0.56792077243309835
 0.56627740053735698
 0.56487229179622311
 0.56368992960344178
 0.56272069534508229
 0.56196042665694379
 0.56137718465573128
 0.56098393834486471
 0.56076442011739147
 0.56070750408075043
 0.56080564635363161
 0.56080679951320933
 0.56104635889215027
 0.56126838151783953
 0.56166794561640765
 0.56223625617152939
 0.56285101262906179
 0.5634162588296584
 0.56411992652878284
 0.5655431685123965
 0.56693894175997972
 0.56830352782977889
 0.56963379333747877
 0.57092712889011377
 0.57218139334278251
 0.57339486301268294
 0.57456618548880478
 0.57569433772088185
 0.57696056875161739
 0.57817713240466395
 0.57934356295763323
 0.58045959820514115
 0.58151301138378542
 0.58251061733148535
 0.58345730921550754
 0.58435370612982873
 0.58516137504941323
 0.58591460849586829
 0.58662120477208424
 0.58728233939584318
 0.58789922030067998
 0.58847308256241204
 0.58900518440200866
 0.58951388518013592
 0.59000798486328665
 0.59041995032526007
 0.59077302623804595
 0.59109407557795313
 0.59138430624389693
 0.59164496329288097
 0.59187733195536207
 0.5920827415738027
 0.59226257044651331
 0.59241825160779782
 0.5925512795348904
 0.59266321784201925
 0.59275570798808241
 0.59283047909452125
 0.59288935896058392
 0.59293428645268587
 0.5929673254939184
 0.59299067971091612
 0.59300744939253247
 0.59295664280463578
 0.59288512732594545
 0.59281036489033079
 0.59272241168749151
 0.59261934467800237
 0.59249925824113037
 0.59236025302278905
 0.5922004234604451
 0.59201784607965202
 0.59181061377227495
 0.59104144433511396
 0.58965969271296725
 0.58822327876576386
 0.58668409542298172
 0.58506013385105993
 0.58335960646016727
 0.5815814124750992
 0.57972447588272402
 0.57778774389896081
 0.57577011808588185
 0.57373898857307204
 0.57169553447697952
 0.56957088836916114
 0.56736420660123632
 0.56507458286807144
 0.56270111517686816
 0.56024290574175839
 0.55769906098433653
 0.5550686916559846
 0.55235091311095863
 0.549544845732027
 0.54664961553417291
 0.54366435494835308
 0.5405882038055283
 0.53742031054503736
 0.53415983366254371
 0.53080594344299137
 0.52735799558459484
 0.52510821214472836
 0.52277822398946716
 0.52033181570569675
 0.5177598207880878
 0.5150493189392541
 0.51413434954462489
 0.51504303976153765
 0.5158927552429351
 0.51668200423291633
 0.51742537674790245
 0.51812519722493633
 0.51852756790979204
 0.5188061536523908
 0.51904370497416374
 0.51924411791219649
 0.51941099711714167
 0.51954767537885826
 0.51965723174651168
 0.51971556714057165
 0.52004077833101614
 0.5205478178956553
 0.52102204729051249
 0.52147133797206058
 0.52189748541655623
 0.52214707283059936
 0.52212517420267068
 0.52209229694743309
 0.52227099247419106
 0.52241088463380059
 0.5225373066310709
 0.52265077180193353
 0.52275176107235355
 0.52284072401117299
 0.52291807994966255
 0.52298421910642867
 0.52303950362363494
 0.52309541312200447
 0.52315504185999684
 0.52320216093914007
 0.52323709775339278
 0.52326014946601029
 0.52327158404343521
 0.52327164112523272
 0.52326053283144092
 0.52323844450887524
 0.52320553541866588
 0.52316193936678379
 0.52310776527940595
 0.52304309772484592
 0.52296799738386279
 0.52288250146994131
 0.52278662410117327
 0.52268035662533296
 0.52256366789966835
 0.52243650452686441
 0.52229879104875243
 0.52215043009923012
 0.52199130251787296
 0.52182126738533852
 0.52164690494949073
 0.52148375750071041
 0.52131187721796468
 0.52113112728150446
 0.5209413573950149
 0.52074237760501751
 0.52057179113700502
 0.52060121920180047
 0.52063090904375464
 0.52066145368925809
 0.52048690924218244
 0.51997508757958633
 0.51944823884843683
 0.51890715094010254
 0.51835316563216893
 0.51795178789945762
 0.51791100736546769
 0.51784537734759695
 0.51773951822882114
 0.51761287183838334
 0.51737410796078831
 0.51707337486424931
 0.51673581003115598
 0.51616558315502559
 0.51541315470533955
 0.51462164196892068
 0.51378921663629551
 0.51291395451973765
 0.51199382819440631
 0.51102669724730965
 0.51001029481146998
 0.50894220829721237
 0.50781985102382476
 0.50664041954943073
 0.50540082849405144
 0.5040566774250852
 0.52880840434235987
 0.57044517310751375
 0.6142638795201002
 0.62220569582380802
 0.62168570322877392
 0.62132595747676034
 0.62093335378459447
 0.61834665573588843
 0.61492321272821548
 0.61166047843732496
 0.60854671676509675
 0.60556002415020393
 0.60273616921213569
 0.60003065431416469
 0.59743381317308808
 0.59493627229487234
 0.5925327616030005
 0.59021607013475041
 0.58797950182559044
 0.58615034960889201
 0.5847957377314752
 0.58333480225799939
 0.58175421089860024
 0.5800720516437271
 0.57828211910646832
 0.57637785182263168
 0.57435229119298403
 0.57219805771408216
 0.56990732570892855
 0.56747177274642602
 0.56540951564530584
 0.56381951379231399
 0.56226340366414829
 0.56073976168128892
 0.55924741001873879
 0.55891385384033321
 0.55777651814770224
 0.55609028553359152
 0.55493983952781134
 0.55444812904791374
 0.55477245019167709
 0.55330864106813948
 0.47362896024348589



# name: <cell-element>
# type: matrix
# rows: 401
# columns: 1
 0
 0
 0
 0
 0
 0
 0
 0
 0
 0
 0
 0
 0
 0
 0
 0
 0
 0
 0
 0
 0
 0
 0
 0
 0
 0
 0
 0
 0
 0
 0
 0
 0
 0
 0
 0
 0
 0
 0
 0
 0
 0
 0
 0
 0
 0
 0
 0
 0
 0.21590865523057332
 0.21590865523057332
 0.21590865523057332
 0.21590865523057332
 0.21590865523057332
 0.21590865523057332
 0.21590865523057332
 0
 0
 0
 0
 0
 0
 0
 0
 0
 0
 0
 0
 0
 0
 0
 0
 0
 0
 0
 0
 0
 0
 0
 0
 0
 0
 0.82055862634288557
 0.82055862634288557
 0.81829669915047687
 0.81829669915047687
 0.81829669915047687
 0.69659716262045035
 0.62742891388094557
 0.61647428616063804
 0.61389761240817375
 0.60576339089886944
 0.60691189830472114
 0.60691189830472114
 0.60691189830472114
 0.60691189830472114
 0.60691189830472114
 0.61221713471796613
 0.61167290178642586
 0.61167290178642586
 0.61146621499343934
 0.61146621499343934
 0.61146621499343934
 0.60473297087238975
 0.60464997111231256
 0.60464997111231256
 0.60464997111231256
 0.60464997111231256
 0.60464997111231256
 0.60464997111231256
 0.60464997111231256
 0.60464997111231256
 0.60464997111231256
 0.60464997111231256
 0.72367718470574549
 0.72367718470574549
 0.72367718470574549
 0.72367718470574549
 0.78474556791599914
 0.82101689283724211
 0
 0
 0
 0
 0
 0
 0
 0
 0
 0
 0
 0
 0.012986048927462831
 0.012986048927462831
 0.012986048927462831
 0
 0
 0
 0
 0
 0
 0
 0
 0
 0
 0
 0
 0
 0
 0
 0.81999867889240641
 0
 0.0097059077902181302
 0.0097059077902181302
 0
 0.21534870778009413
 0.21534870778009413
 0.21534870778009413
 0.2153487077800941
 0.21534870778009413
 0.21534870778009413
 0.21534870778009413
 0.21534870778009413
 0.21534870778009413
 0.21534870778009413
 0.21534870778009413
 0.036271324921243221
 0
 0
 0.079789224285307991
 0.079789224285307991
 0.079789224285307991
 0.079789224285307991
 0
 0
 0
 0
 0
 0
 0
 0
 0
 0
 0
 0
 0
 0.26501258730037219
 0.25576494600451066
 0.25576494600451066
 0.25576494600451066
 0.25576494600451066
 0.13171503099799486
 0.13171503099799486
 0.13171503099799486
 0.087637184183450928
 0.087637184183450928
 0.087637184183450928
 0.087637184183450928
 0.087637184183450928
 0.051365859262207707
 0.051365859262207707
 0.051365859262207707
 0.051365859262207707
 0.051365859262207707
 0.051365859262207707
 0.051365859262207707
 0.051365859262207707
 0.051365859262207707
 0.053627786454616501
 0.053627786454616501
 0.053627786454616501
 0.053627786454616501
 0.053627786454616501
 0.051365859262207707
 0.051365859262207707
 0.051365859262207707
 0.051365859262207707
 0.051365859262207707
 0.051365859262207707
 0.051365859262207707
 0.051365859262207707
 0.051365859262207707
 0.051365859262207707
 0.087637184183450928
 0.087637184183450928
 0.087637184183450928
 0.088655398128286836
 0.085375256991042134
 0.13171503099799486
 0.13171503099799486
 0.13171503099799486
 0.25576494600451066
 0.25576494600451066
 0.25576494600451066
 0.25576494600451066
 0.25576494600451066
 0
 0
 0
 0
 0
 0
 0
 0
 0
 0
 0
 0.016532269901353334
 0.016532269901353334
 0
 0
 0
 0
 0
 0
 0
 0
 0.21534870778009413
 0.21534870778009413
 0.21534870778009413
 0.21534870778009413
 0.21534870778009413
 0.21534870778009413
 0.21636692172493002
 0
 0
 0
 0
 0
 0
 0
 0
 0
 0
 0
 0
 0
 0
 0
 0
 0
 0
 0
 0
 0
 0
 0.82101689283724211
 0.82101689283724211
 0.81875496564483363
 0.81875496564483363
 0.81875496564483363
 0.81875496564483363
 0.81875496564483363
 0.81875496564483363
 0.76738910638262581
 0.76738910638262581
 0.76738910638262581
 0.76738910638262581
 0.76738910638262581
 0.76738910638262581
 0.76738910638262581
 0.76693083988826916
 0.76693083988826916
 0.76693083988826916
 0.76693083988826916
 0.76693083988826916
 0.76693083988826916
 0.76693083988826916
 0.76693083988826916
 0.76738910638262581
 0.76738910638262581
 0.76738910638262581
 0.76738910638262581
 0.76738910638262581
 0.76738910638262581
 0.76103112899585568
 0.76103112899585568
 0.76103112899585568
 0.76082444220286916
 0.76082444220286916
 0.76082444220286916
 0.75814146508676428
 0.75814146508676428
 0.75814146508676428
 0.75814146508676428
 0.75994512578481666
 0.75994512578481666
 0.75994512578481666
 0.75994512578481666
 0.75994512578481666
 0.75892691183998062
 0.75892691183998062
 0.75892691183998062
 0.75938517833433739
 0.75938517833433739
 0.75938517833433739
 0.75938517833433739
 0.81075103759654499
 0.81075103759654499
 0.81075103759654499
 0.81075103759654499
 0.81075103759654499
 0.81075103759654499
 0.81075103759654499
 0.81075103759654499
 0.81176925154138091
 0.81176925154138091
 0
 0
 0
 0
 0
 0
 0
 0
 0
 0
 0
 0
 0
 0
 0
 0
 0
 0
 0
 0
 0
 0
 0
 0
 0
 0
 0
 0
 0
 0
 0
 0
 0
 0
 0
 0
 0
 0
 0
 0
 0
 0
 0
 0
 0
 0
 0
 0
 0
 0
 0
 0
 0
 0



# name: <cell-element>
# type: matrix
# rows: 401
# columns: 1
 0
 0
 0
 0
 0
 0
 0
 0
 0
 0
 0
 0
 0
 0
 0
 0
 0
 0
 0
 0
 0
 0
 0
 0
 0
 0
 0
 0
 0
 0
 0
 0
 0
 0
 0
 0
 0
 0
 0
 0
 0
 0
 0
 0
 0
 0
 0
 0
 0
 0.18025729059983847
 0.18025729059983847
 0.18025729059983847
 0.18025729059983847
 0
 0
 0
 0
 0
 0
 0
 0
 0
 0
 0
 0
 0
 0
 0
 0
 0
 0
 0
 0
 0
 0
 0
 0
 0
 0
 0
 0
 0
 0
 0
 0
 0.65643311640022151
 0.65643311640022151
 0.65643311640022151
 0.65643311640022151
 0.65643311640022151
 0.65639916142790833
 0.65183375818704825
 0.64772822935539021
 0.64374605583505295
 0.64014131670884822
 0.63690782017022696
 0.63404874737399164
 0.63151083954220322
 0.62924924382231484
 0.62811383060181525
 0.62799916903919095
 0.62788972343004812
 0.62778458938857817
 0.62768289964543256
 0.62762207495855682
 0.62760045159200939
 0.62759447684363467
 0.627601290488223
 0.62761847225471779
 0.62764397261236871
 0.62767605288473982
 0.6277132346644162
 0.62775425691085041
 0.62779803941021106
 0.62784365151117694
 0.62789028523999502
 0.62759451481280482
 0.6268942294138472
 0.62619316777973522
 0.62576276534921049
 0.62578906942852408
 0.62581250732639759
 0.62583261775942167
 0.62584893480978698
 0.62586097810612762
 0.62586824352246628
 0.6258701942370738
 0.62586625201682733
 0.62585578860468349
 0.62585658380573239
 0.62585222460255363
 0.62583963959800426
 0.62581793085777659
 0.62578610770519272
 0.62574307672749274
 0.62568763117629489
 0.62561843962251451
 0.62551489994172527
 0.625391158358517
 0.62525042225594452
 0.62509154624620267
 0.62491329777990401
 0.6247142517313139
 0.6260270116332467
 0.6274237887849452
 0.62891447216459617
 0.62297675427912591
 0.61382042431416817
 0.60576736983215462
 0.59872089144646512
 0.59251253776459634
 0.58718968599870336
 0.5827182612497902
 0.57894108514270792
 0.57579769981607398
 0.57342566083053848
 0.57163135939973586
 0.57030447253486405
 0.56940335193923819
 0.56889011914697474
 0.56873037780145141
 0.56889294981730909
 0.56934973542561551
 0.56778263882503899
 0.56642899898234433
 0.56527952073080356
 0.56432675833506352
 0.56356483609682306
 0.56297457749129243
 0.56255945240914018
 0.56230863791664909
 0.56221230761716234
 0.56226129897773336
 0.56229531640910524
 0.56243685118335451
 0.56260070260110495
 0.56294092075431423
 0.56344895464540123
 0.56393942441728029
 0.56389861288140652
 0.56532699788962903
 0.56673318213559498
 0.56811282313857536
 0.5694622753048374
 0.57077849392155844
 0.57205897105274706
 0.5733016759911167
 0.57450499921799547
 0.57566769864080991
 0.57678862358499927
 0.57784691350981465
 0.57887090602400881
 0.5798766546771853
 0.58086998465253303
 0.58175344103627891
 0.58257668196876211
 0.58340352671301865
 0.58422991144622372
 0.58505084166200572
 0.58586052829819779
 0.58665262943297591
 0.587420473265718
 0.5881572628402395
 0.58885626300248006
 0.58951097005177067
 0.5901151148133148
 0.59074337857284198
 0.59136574307294365
 0.59192682124883289
 0.59242517518516868
 0.59286272449734589
 0.59324133890414843
 0.59356280728772848
 0.59382884512487488
 0.59404110175620883
 0.59420116775419385
 0.59431058258127245
 0.59437084267059659
 0.59438340999540851
 0.5943497212238551
 0.59427119747829549
 0.59414925479967617
 0.59397867309665986
 0.59374889057558955
 0.59347700747829257
 0.59317342710835963
 0.59297118865252241
 0.5927506451792417
 0.59250657837333531
 0.59227819340806342
 0.59217791155591804
 0.59205860981262037
 0.59191822212960699
 0.5917546486516243
 0.59156574773556103
 0.59051279424801706
 0.58913425047404011
 0.5876799141072
 0.58611043352385284
 0.58446480106742127
 0.58274204400438556
 0.58094121984527547
 0.57906141499554831
 0.57710174384997048
 0.57511930950026602
 0.57317479362523271
 0.57113545887343564
 0.56901024666824518
 0.56679839773313445
 0.56449905544536838
 0.56211133916267442
 0.5596343498019305
 0.55706717351846069
 0.55440888422644441
 0.55165854545839743
 0.54881521184751425
 0.5458779304379745
 0.54284574196741864
 0.53972150463463031
 0.5365007411796624
 0.53322230574901675
 0.52984944378241916
 0.52651468466277673
 0.52427327595832696
 0.52192148074084554
 0.5194507035414615
 0.5168520888515683
 0.51411823066653817
 0.51385047125435068
 0.51473994455312
 0.51557854690552796
 0.51636894886178142
 0.51711357769812782
 0.51781471800754075
 0.51813860292509983
 0.51841746867934058
 0.5186554611336115
 0.51885641684533479
 0.51902388367204189
 0.5191611399994871
 0.5192712128727518
 0.51929197723583975
 0.5197304003633636
 0.52025876421421591
 0.52072889551528223
 0.52117766089490436
 0.52160182714461156
 0.52176019480475799
 0.5217389308424133
 0.52177844558195496
 0.52193207160474653
 0.52207153095463033
 0.5221974070019697
 0.52231024201578558
 0.52241054235213424
 0.52249877978713977
 0.52257539285545052
 0.52264078815902004
 0.522695341579416
 0.52274971160775052
 0.52281033261078957
 0.52285829040720533
 0.52289392658080236
 0.52336906029518149
 0.5238506534119034
 0.52427059629419814
 0.52460414582710535
 0.52487760167071695
 0.52509803419165246
 0.52521280712360141
 0.52515872537371455
 0.5250941055257452
 0.52501898996236118
 0.52493339433076069
 0.52483730784553395
 0.52473069352569146
 0.52461348836753818
 0.52448560345411499
 0.52434692400231697
 0.52419730934879727
 0.52384897534230745
 0.52342375092225524
 0.52303328089527112
 0.52267522024108681
 0.52228462007776233
 0.52190067876682777
 0.52154485191695699
 0.5212405883480522
 0.52105649351447547
 0.52118076331713425
 0.52144989954214693
 0.52189799355272859
 0.52223780612369841
 0.52192078193173286
 0.52136248468819879
 0.52078989157552136
 0.52020573491686017
 0.51986490379268113
 0.51981987236200478
 0.51975310387160012
 0.51966342137222288
 0.51954946058092522
 0.51929807196080846
 0.51900159574015581
 0.51866520500719615
 0.51804715135490986
 0.51728226655351905
 0.51647762644319883
 0.51563136498753015
 0.51474151777009236
 0.51380601418824146
 0.51282266704409862
 0.51178915808941017
 0.51070301724517919
 0.50956159189705852
 0.50836200058594339
 0.50710106213346873
 0.50576288336232578
 0.53828357294956164
 0.58025722417234826
 0.62440284586319716
 0.62388376654104216
 0.62337884291829337
 0.62302666545461338
 0.62261467596111242
 0.61940873301612265
 0.61600463239265435
 0.61275584741027123
 0.60965162244881743
 0.60671175791897092
 0.60390897920031139
 0.60122356658273512
 0.59864659676349341
 0.59616979561965422
 0.59378549628470989
 0.59148660221226379
 0.58926655284971241
 0.58764531011694954
 0.58624793990729229
 0.58475085572067942
 0.58315761103189445
 0.58146231448253072
 0.57965871967966309
 0.57774020390273184
 0.575699745518225
 0.57352990001183701
 0.5710490012224323
 0.56822905362684195
 0.56595855106736503
 0.56403294710640262
 0.56214655936592406
 0.56025735273143384
 0.55845182926030845
 0.55804255064451269
 0.55682348642242296
 0.55526039416937845
 0.55425011430163595
 0.55392517907234484
 0.55476542758493552
 0.55282365125423283
 0.43627510328560543



# name: <cell-element>
# type: matrix
# rows: 401
# columns: 1
 0
 0
 0
 0
 0
 0
 0
 0
 0
 0
 0
 0
 0
 0
 0
 0
 0
 0
 0
 0
 0
 0
 0
 0
 0
 0
 0
 0
 0
 0
 0
 0
 0
 0
 0
 0
 0
 0
 0
 0
 0
 0
 0
 0
 0
 0
 0
 0
 0
 0
 0
 0.35469908351260382
 0.35469908351260382
 0.35469908351260382
 0
 0
 0
 0
 0
 0
 0
 0
 0
 0
 0
 0
 0
 0
 0
 0
 0
 0
 0
 0
 0
 0
 0
 0
 0
 0
 0
 0
 0.92930107945117257
 0.92930107945117257
 0.92930107945117257
 0.92930107945117257
 0.92930107945117257
 0.81618890253999743
 0.81618890253999743
 0.69824008701208062
 0.69824008701208062
 0.69814700399361007
 0.69814700399361007
 0.69805391808681094
 0.69805391808681094
 0.57460199593856875
 0.57460199593856887
 0.57460199593856875
 0.57460199593856875
 0.57460199593856875
 0.57460199593856875
 0.57460199593856875
 0.57460199593856875
 0.57460199593856875
 0.57460199593856875
 0.57460199593856875
 0.57460199593856875
 0.57460199593856875
 0.57460199593856875
 0.57460199593856875
 0.57460199593856875
 0.57460199593856875
 0.57460199593856875
 0.57460199593856875
 0.68771417284974401
 0.68771417284974401
 0.68771417284974401
 0.68771417284974401
 0.68771417284974401
 0.92930107945117257
 0.92930107945117257
 0
 0
 0
 0
 0
 0
 0
 0
 0
 0
 0
 0
 0
 0
 0
 0
 0
 0
 0
 0
 0
 0
 0
 0
 0
 0
 0.35469908351260382
 0.35469908351260382
 0.35469908351260382
 0.35469908351260382
 0.35469908351260382
 0.35469908351260382
 0.35469908351260382
 0.35469908351260382
 0.35469908351260382
 0.35469908351260382
 0.35469908351260382
 0.35469908351260382
 0.35469908351260382
 0.35469908351260382
 0.35469908351260382
 0.35469908351260382
 0.35469908351260382
 0.35469908351260382
 0.35469908351260382
 0.35469908351260382
 0.35469908351260382
 0.35469908351260382
 0
 0
 0
 0.92930107945117257
 0
 0
 0
 0
 0
 0
 0
 0
 0
 0
 0
 0
 0
 0
 0
 0
 0
 0
 0.40351232533062387
 0.40351232533062387
 0.40351232533062387
 0.40351232533062387
 0.29040014841944856
 0.29040014841944856
 0.29040014841944856
 0.29040014841944856
 0.048906324836490572
 0.048813241818020103
 0.048813241818020103
 0.048813241818020103
 0.048813241818020103
 0.048813241818020103
 0.048813241818020103
 0.048813241818020103
 0.048813241818020103
 0.048813241818020103
 0.048813241818020103
 0.048813241818020103
 0.048813241818020103
 0.048813241818020103
 0.048813241818020103
 0.048813241818020103
 0.048813241818020103
 0.048813241818020103
 0.048813241818020103
 0.048813241818020103
 0.048813241818020103
 0.048813241818020103
 0.048813241818020103
 0.048813241818020103
 0.048813241818020103
 0.048813241818020103
 0.048813241818020103
 0.048813241818020103
 0.048813241818020103
 0.048813241818020103
 0.048813241818020103
 0.048813241818020103
 0.048813241818020103
 0.048813241818020103
 0.29040014841944856
 0.29040014841944856
 0.29040014841944856
 0.29040014841944856
 0.40351232533062387
 0.40351232533062387
 0.40351232533062387
 0.40351232533062387
 0
 0
 0
 0
 0
 0
 0
 0
 0
 0
 0
 0
 0.24158690660142859
 0.24158690660142856
 0.24158690660142856
 0.24158690660142856
 0
 0
 0
 0
 0
 0
 0
 0
 0
 0
 0
 0
 0
 0
 0
 0
 0
 0
 0
 0
 0
 0
 0
 0
 0
 0
 0
 0
 0
 0.92930107945117257
 0.92930107945117257
 0
 0.92930107945117257
 0.92930107945117257
 0.92930107945117257
 0.92930107945117257
 0.92930107945117257
 0.92930107945117257
 0.92930107945117257
 0.8804878376331523
 0.8804878376331523
 0.8804878376331523
 0.8804878376331523
 0.8804878376331523
 0.8804878376331523
 0.8804878376331523
 0.8804878376331523
 0.8804878376331523
 0.8804878376331523
 0.8804878376331523
 0.8804878376331523
 0.8804878376331523
 0.8804878376331523
 0.8804878376331523
 0.8804878376331523
 0.75749557044901605
 0.75749557044901605
 0.75718911730735339
 0.75694282957811121
 0.75694282957811121
 0.75694282957811121
 0.75694282957811121
 0.75694282957811121
 0.75694282957811121
 0.75684974655964066
 0.75684974655964066
 0.75684974655964066
 0.75684974655964066
 0.75684974655964066
 0.75684974655964066
 0.75684974655964066
 0.75684974655964066
 0.75684974655964066
 0.75684974655964066
 0.75684974655964066
 0.75684974655964066
 0.75684974655964066
 0.75684974655964066
 0.75684974655964066
 0.75684974655964066
 0.80566298837766093
 0.80566298837766093
 0.80566298837766093
 0.80566298837766093
 0.80566298837766093
 0.80566298837766093
 0.80575607428446017
 0.92930107945117257
 0.92930107945117257
 0.92930107945117257
 0
 0
 0
 0
 0
 0
 0
 0
 0
 0
 0
 0
 0
 0
 0
 0
 0
 0
 0
 0
 0
 0
 0
 0
 0
 0
 0
 0
 0
 0
 0
 0
 0
 0
 0
 0
 0
 0
 0
 0
 0
 0
 0
 0
 0
 0
 0
 0
 0
 0
 0
 0
 0
 0



# name: <cell-element>
# type: matrix
# rows: 401
# columns: 1
 0
 0
 0
 0
 0
 0
 0
 0
 0
 0
 0
 0
 0
 0
 0
 0
 0
 0
 0
 0
 0
 0
 0
 0
 0
 0
 0
 0
 0
 0
 0
 0
 0
 0
 0
 0
 0
 0
 0
 0
 0
 0
 0
 0
 0
 0
 0
 0
 0
 0.17581824920459388
 0.17561442696747517
 0.17542720519222607
 0.17525647767235908
 0
 0
 0
 0
 0
 0
 0
 0
 0
 0
 0
 0
 0
 0
 0
 0
 0
 0
 0
 0
 0
 0
 0
 0
 0
 0
 0
 0
 0
 0
 0
 0
 0.65496837333906432
 0.65496837333906432
 0.65496837333906432
 0.65496837333906432
 0.65496837333906432
 0.65459065588948739
 0.6505505997529486
 0.64688971860606226
 0.64343464634750036
 0.64013262267913906
 0.63716477009740013
 0.63448914000897383
 0.63206933934424847
 0.62987369251274994
 0.62909499320394169
 0.62893372821548787
 0.6287852355581639
 0.62859463571413576
 0.62838186640245586
 0.62818498709285953
 0.62800252941383217
 0.62783318243445285
 0.62767577261287077
 0.62752924677115707
 0.62739265751384155
 0.62726515065904731
 0.62714225094298826
 0.62702619819113947
 0.62691700430104014
 0.62681408758432489
 0.62671691718306055
 0.62662500746479655
 0.62653791307746209
 0.62645522457611325
 0.62637656454522495
 0.62630158415455484
 0.62622996008954612
 0.62616139181138231
 0.62609559910284518
 0.626032319864258
 0.62597130812781521
 0.62591233226211407
 0.62585517334257124
 0.62579962366364317
 0.62574548537587116
 0.62569256922428573
 0.62564069337248607
 0.62558968228923173
 0.62553936567667512
 0.6254923209142127
 0.62545164469589942
 0.62541146101234091
 0.62537162139532232
 0.62533197691929443
 0.62529237611342547
 0.62525266207194752
 0.6252126682698016
 0.62517220786729233
 0.62648394668859542
 0.62811057336369458
 0.62985948550230242
 0.62400022695184565
 0.61489917409211581
 0.60690219783109911
 0.59991417938411751
 0.59384890442008209
 0.5887722429250184
 0.58432370868596561
 0.58058308972541905
 0.57749170684945395
 0.57499632026215863
 0.57304876101884838
 0.57160553219459853
 0.57062744836667523
 0.57007930944162755
 0.56992960593101705
 0.56994717997413957
 0.57025472457216964
 0.57080808452835496
 0.56931372160050142
 0.56804404371699868
 0.56698946565047403
 0.56614199582252123
 0.56548099525928963
 0.56500782824743623
 0.56471022074109134
 0.56457684305551048
 0.56450274249686427
 0.56472394422382222
 0.56476335308830095
 0.5649401737061196
 0.56529951296123271
 0.56582267678279052
 0.56628061759049353
 0.56681447811240782
 0.56670954482677838
 0.56813149914673733
 0.56952513257731308
 0.57088681654409845
 0.57221350068704357
 0.57350265240847143
 0.57475220168457475
 0.57596049071612776
 0.57712622820222215
 0.57824844782239382
 0.5793264706563479
 0.58035987125487409
 0.58134844709954026
 0.58229219115833464
 0.58319126736582905
 0.58404598874048208
 0.58485679798998247
 0.58562425039889177
 0.5863489988043884
 0.58703178053296201
 0.58767340613950025
 0.58827474982178241
 0.58883674136601138
 0.58936035956400179
 0.58984662697241641
 0.59029660591379529
 0.5907113956966128
 0.59109213095040658
 0.59143998101490314
 0.5917561503774097
 0.59204188008672698
 0.5922984501203935
 0.59252718269596139
 0.59272944654596149
 0.5929066620638378
 0.59306030745473004
 0.59319192581538638
 0.5933031332235017
 0.59339562792813205
 0.59347120061912972
 0.59353174603844394
 0.59357927603192018
 0.59361593434240068
 0.59364401356684304
 0.59366597758549067
 0.59367799138986765
 0.59368328264372772
 0.59368216052407641
 0.59367272920891145
 0.59365312237630141
 0.59362148686119831
 0.59357596854326189
 0.59351469923195821
 0.59343578407852238
 0.59333728941317365
 0.59269854629195384
 0.59139974200610712
 0.59003110804196324
 0.58859157247410165
 0.58708008469945383
 0.58549561323137866
 0.58383714365380301
 0.58210367677074548
 0.58029422692590005
 0.57840782049134609
 0.57644349450502586
 0.57440029551115812
 0.57227727850836929
 0.57007350609533303
 0.56778804776466318
 0.56541997934579713
 0.56296838262217486
 0.56043234509212969
 0.55781095991373131
 0.55510332600195256
 0.5523085482925183
 0.54942427170129737
 0.54645108183203461
 0.5433881572899415
 0.54023464030350321
 0.53698968382513179
 0.53365245301380937
 0.53026824605943312
 0.52809304125125955
 0.52581188195625139
 0.52341624215653104
 0.52089716700138355
 0.51824522144310226
 0.5171632845431634
 0.51807249843794845
 0.51892958922773513
 0.51973725832638251
 0.5204980288556097
 0.52121427261720021
 0.52188769686381142
 0.52215460678383641
 0.52237978191009959
 0.52256725468868015
 0.52272075378074223
 0.52279338811159592
 0.52282045197394267
 0.52268983576358874
 0.52243821432905202
 0.52217610097742528
 0.52190635938487717
 0.52163159329930708
 0.52135416605597551
 0.52107621833097639
 0.52045406970440322
 0.52053078618188342
 0.52059230734849382
 0.52072384034464281
 0.5208420490075103
 0.52094763390784915
 0.52104124381956618
 0.5211234784064932
 0.52119489073409264
 0.52125598961410002
 0.52130724179003352
 0.5213490739690686
 0.52138187470666519
 0.52140599614953054
 0.52142299854713137
 0.52143168186767364
 0.52143230157001619
 0.52142508212504968
 0.52141021812160226
 0.52138935729686875
 0.52135819126896454
 0.52132127662334571
 0.52127721530196047
 0.52122606535279004
 0.52116785939296661
 0.52110298467783878
 0.52103214830099376
 0.52095442255267832
 0.52086974132780284
 0.52077801450597794
 0.52067912791895565
 0.52057294323338998
 0.52045929774979538
 0.52033800411738573
 0.52020884996416905
 0.52007159744294973
 0.51992598269069912
 0.51977171520137322
 0.51960847710882652
 0.51943592237685576
 0.51931890548428739
 0.5195315384669269
 0.51974973975860173
 0.51997243133390048
 0.5201984416818104
 0.52042649818633469
 0.52065521888213584
 0.52088310355908496
 0.52110852419445919
 0.52121214403663418
 0.5211970003116424
 0.52116888821943608
 0.52106063775176292
 0.52093370223133417
 0.52067998419711303
 0.52038246396879917
 0.52005011684012525
 0.51932978909119842
 0.51857217511035059
 0.51777556194018726
 0.5169381485603407
 0.5160580400442305
 0.51513324002740968
 0.5141616405631626
 0.51314100790423889
 0.512068961904386
 0.5109429453966412
 0.50976017779894545
 0.50851758387784973
 0.50721160345729643
 0.53743536158484406
 0.57941247480595515
 0.62357358417458253
 0.6249433068539576
 0.62444272486990171
 0.62390759247137695
 0.62333574293493543
 0.61978721548366322
 0.61618362781605207
 0.61275796229111446
 0.60949750059101204
 0.60639043159377948
 0.60342577741044745
 0.60059332907463858
 0.59788359001819491
 0.59528772602209279
 0.59279752068815139
 0.59040533571029485
 0.58810407538005371
 0.58666079566567786
 0.58525696999859911
 0.58376270040883027
 0.582172440090304
 0.58048030785787086
 0.57868006810076666
 0.57676510952645621
 0.57472842261488633
 0.57256257569323887
 0.57025968952737582
 0.56781141030569049
 0.56562381867380696
 0.56406022965046154
 0.56253212402634711
 0.56103794668599438
 0.55957630403817449
 0.55947164496507296
 0.55841556940021631
 0.55692642811120396
 0.55598894325165871
 0.55569795403348377
 0.55599059086450509
 0.55355269474815449
 0.43686439234461971





