# Created by Octave 5.2.0, Sat Sep 05 06:12:48 2020 CEST <tkanas@tkanas>
# name: solutions
# type: cell
# rows: 1
# columns: 24
# name: <cell-element>
# type: matrix
# rows: 201
# columns: 1
 1.4235995765653149
 1.4243453845819669
 1.5492820135651517
 1.6293025517693813
 1.7700565657885086
 1.7980187864520967
 1.8820032445616921
 1.9652866848058181
 2.0469473074616582
 2.1261675633147741
 2.2022588531964238
 2.2746732343296885
 2.3430047458765708
 2.4069825896832038
 2.466458487843552
 2.5213904873732123
 2.5718252275690507
 2.6178807418008008
 2.5704094836565008
 2.6962038985136725
 2.7302339049827538
 2.7607317243163281
 2.7879422577269
 2.8121088737650193
 2.8334669145904865
 2.852239125420672
 2.8752361238876118
 2.8924813863290777
 2.9062405591522542
 2.9183927857625984
 2.929107669375262
 2.938539956583953
 2.9468301437549531
 2.954105257890816
 2.9604797363163304
 2.9660563544574892
 2.9709271647619739
 2.9751744203919555
 2.9788714654408892
 2.9820835796242595
 2.9848687700798773
 2.9872785064104517
 2.9893583976658933
 2.9911488118036966
 2.9926854394460527
 2.9939998046053851
 2.9951197255807358
 2.9960697295164516
 2.9968714242285928
 2.9975438308918663
 2.9981036810792761
 2.9985656814873356
 2.9989427494837457
 2.9992462223967595
 2.999486043239898
 2.9996709253376639
 2.9998084980957551
 2.9999054359439228
 2.9999675722741208
 3
 3
 2.9999929199149769
 2.9999606407023229
 2.9999132379074105
 2.9998532321832201
 2.999782793068007
 2.9997037747811279
 2.9996177436775966
 2.9995259960816134
 2.9994295641062698
 2.9993292053744587
 2.9992253699572866
 2.9991181338297266
 2.999007081910213
 2.9988908442107567
 3
 2.9987088294631974
 2.9986465444866175
 2.9985803892623184
 2.998512517528193
 2.9984441840675542
 2.9983762316520042
 2.998309229904752
 2.9982435655271908
 2.9981795011907781
 2.9981172142218737
 2.9980568222265096
 2.9979984002440614
 2.9979419923792459
 2.9978876198094957
 2.997835286391886
 2.9977849826613001
 2.9977366887338817
 2.9976903764516658
 2.9976460109893015
 2.9976035520684587
 2.9975629548782496
 2.9975241707668645
 2.9974871477497502
 2.9974518308648674
 2.9974181623959804
 2.9973860819785343
 2.9973555265972536
 2.9973264304814262
 2.9972987249003586
 2.9972723378594899
 2.9972471936953435
 2.9972232125651952
 2.9972003098259874
 2.9971783952944504
 2.9971573723787408
 2.9971371370697275
 2.9971175767776197
 2.9970985689972136
 2.9970799797823968
 2.9970616620073534
 2.9970434533886423
 2.9970251742384661
 2.9970066249154921
 2.9969875829344206
 2.9969677996907231
 2.9969469967503799
 2.9969248616482997
 2.9969010431309364
 2.9968751457704577
 2.9968467238677516
 2.9968152745506629
 2.9967802299615176
 2.9967409484137479
 2.9966967043814932
 2.9966466771681697
 2.9965899380794228
 2.9965254359028157
 2.9964519804704248
 2.996368224050916
 2.9962726402840651
 2.9961635003326585
 2.9960388458838056
 2.9958964585827137
 2.9957338254270098
 2.9955480995869537
 2.9953360560461348
 2.9950940413769565
 2.994817916874275
 2.9945029941674486
 2.9941439623145247
 2.993734805249737
 2.9932687083056644
 2.9927379523616002
 2.9921337939768651
 2.9914463296496399
 2.990664342094207
 2.9897751261490093
 2.988764291609443
 2.9876155399184929
 2.9863104112386023
 2.9848279979637233
 2.9831446202030465
 2.981233458169334
 2.9790641357253622
 2.9766022485696197
 2.973808829665963
 2.9706397435243508
 2.9670449998067641
 2.962967975442075
 2.9583445329655076
 2.9531020211252774
 2.9471581418913191
 2.9404196658239941
 2.9327809752729381
 2.9241224120296669
 2.9143084027957227
 2.9031853320828565
 2.8905791278515736
 2.8762925202212464
 2.8601019278279982
 2.8417539197158863
 2.8209611928361378
 2.7973979960582516
 2.7706949207583556
 2.7404329651380084
 2.7061367638996079
 2.6672668560251065
 2.6232108401533223
 2.5732732379894312
 2.5166638492457842
 2.4524843337947706
 2.3797126935377264
 2.2971852411984219
 2.2035755254384877
 2.0973695151049392
 1.9768361041831823
 1.8399916413213511
 1.6845566453377048
 1.5079020310848872
 1.3069808823126492
 1.0782400017304778
 0.81750431680274005
 0.51983700966860047
 0.17979258968249912
 0



# name: <cell-element>
# type: matrix
# rows: 201
# columns: 1
 1.705489330157044
 1.5572020570685934
 1.6439835893512627
 1.6837043231559052
 1.7965656512891133
 1.8002177612535708
 1.8672157251768053
 1.9391336244071629
 2.0140964876505141
 2.0897287287461674
 2.1648206648702319
 2.239746331860867
 2.3150650960719394
 2.3897554007049688
 2.4610653418350563
 2.5260995569590761
 2.583498654252137
 2.633794968777956
 2.588439487007407
 2.7169587774617856
 2.7529459257437248
 2.7849986158333642
 2.8131230666050415
 2.8376495004280771
 2.8591509395695711
 2.8781742132625117
 2.9016225486197169
 2.9192771964360129
 2.9330417339924484
 2.9444935902944707
 2.9537153244737815
 2.9610402827104583
 2.9669834268559838
 2.9721008955592376
 2.9768428546797412
 2.981453917122157
 2.9859482720622901
 2.9901567143546761
 2.9938202214725291
 2.9966952409479521
 2.9986385175171435
 2.9996507858960326
 2.999874166378067
 2.9995539614449842
 2.9989816854093978
 2.9984200000372421
 2.9980385449579243
 2.998128664235717
 2.99818698196361
 2.9996692540931811
 2.998031777291394
 2.9949390157091544
 2.9945661786527555
 2.9999954552848296
 3
 2.9989078135271243
 2.9983290753222001
 2.9999999953233027
 2.9994574178373763
 2.9960588838412945
 2.9735942590476978
 2.9995936686668743
 2.9990061957333483
 2.9999877962974373
 2.9988552692232409
 2.9989987246106979
 2.998972263924629
 2.9989287753023106
 2.9988513718403045
 2.9986992539838311
 2.9985677838804463
 2.9986287827173088
 2.9999997884929166
 2.9981834200127375
 2.9972019611002141
 2.9784469823595092
 2.997282513234262
 2.9995703687595396
 2.996010788494293
 2.995652673041576
 2.9952287452198405
 2.9952261519702938
 2.9953055440401957
 2.9953672258697406
 2.9953581113551495
 2.9952520200742647
 2.995051973125304
 2.9947800959775304
 2.9944669294080972
 2.994143950086134
 2.9938384379798708
 2.9935702316936141
 2.9933504331660798
 2.993181919292387
 2.9930610913781628
 2.9929801845822563
 2.992929436078152
 2.9928987498259709
 2.9928786366147553
 2.9928605519486418
 2.9928368875084557
 2.9928008750746313
 2.9927466955287114
 2.992669873098762
 2.9925679418634621
 2.9924412370231113
 2.9922935726012283
 2.9921326018562233
 2.9919696715763835
 2.9918191242240684
 2.9916970861733936
 2.9916199079837349
 2.9916024699028192
 2.9916566037617249
 2.9917898699026702
 2.9920047987624749
 2.9922987253316369
 2.992664140904739
 2.9930895054621862
 2.9935603360569241
 2.9940604487177205
 2.9945731588880093
 2.9950823648152523
 2.9955734136288439
 2.9960337598516444
 2.9964533989622746
 2.9968251562585015
 2.9971448218511525
 2.9974112151698247
 2.9976261365858261
 2.9977942383917187
 2.997922748255343
 2.9980210424867786
 2.99810002613496
 2.9981713321867884
 2.9982463678543296
 2.9983352819946019
 2.9984459399506229
 2.9985830320484346
 2.9987474208785403
 2.9989358141037425
 2.9991408339795353
 2.9993514666601078
 2.9995538503928358
 2.9997323067795776
 2.9998704486352277
 2.9999522378132322
 2.9999628041931792
 2.9998889306159002
 2.9997191067855953
 2.9994431512319482
 2.9990514514096223
 2.9985339283850294
 2.9978788789595994
 2.9970718418882409
 2.9960946438449771
 2.9949247063215378
 2.9935346682781598
 2.9918922661876244
 2.989960411517834
 2.9876972954063521
 2.9850563914817916
 2.9819862156896164
 2.9784297532778181
 2.9743235354357958
 2.9695964189924329
 2.9641681771531525
 2.9579480632023021
 2.9508334924484259
 2.9427089562459674
 2.9334452012722148
 2.9228985981080355
 2.9109105184966308
 2.8973064397907771
 2.8818944562022724
 2.8644628620060564
 2.8447765636646425
 2.822572178927877
 2.7975518615819692
 2.7693760286769886
 2.7376553161763448
 2.7019421044951706
 2.6617219419241596
 2.6164049919063226
 2.5653174070853675
 2.5076921731154362
 2.4426586571704685
 2.3692297814977028
 2.2862855917804792
 2.1925519791197816
 2.0865735271740973
 1.9666797803523195
 1.8309443391113354
 1.6771354635335998
 1.5026551715140053
 1.3044544211123288
 1.0789071911524379
 0.82155868517038555
 0.52660068717863473
 0.18510567471895503
 0



# name: <cell-element>
# type: matrix
# rows: 201
# columns: 1
 3
 3
 3
 3
 3
 3
 3
 3
 3
 3
 3
 3
 3
 3
 3
 3
 3
 3
 3
 3
 3
 3
 3
 3
 3
 3
 3
 3
 3
 3
 3
 3
 3
 3
 3
 3
 3
 3
 3
 3
 3
 3
 3
 3
 3
 3
 3
 3
 3
 3
 3
 3
 3
 3
 3
 3
 3
 3
 3
 3
 3
 3
 3
 3
 3
 3
 3
 3
 3
 3
 3
 3
 3
 3
 3
 3
 3
 3
 3
 3
 3
 3
 3
 3
 3
 3
 3
 3
 3
 3
 3
 3
 3
 3
 3
 3
 3
 3
 3
 3
 3
 3
 3
 3
 3
 3
 3
 3
 3
 3
 3
 3
 3
 3
 3
 3
 3
 3
 3
 3
 3
 3
 3
 3
 3
 3
 3
 3
 3
 3
 3
 3
 3
 3
 3
 3
 3
 3
 3
 3
 3
 3
 3
 3
 3
 3
 3
 3
 3
 3
 3
 3
 3
 3
 3
 3
 3
 3
 3
 3
 3
 3
 3
 3
 3
 3
 3
 3
 3
 3
 3
 3
 3
 3
 3
 3
 3
 3
 3
 3
 3
 3
 3
 3
 3
 3
 3
 3
 3
 3
 3
 3
 3
 3
 3
 3
 3
 3
 3
 3
 3



# name: <cell-element>
# type: matrix
# rows: 201
# columns: 1
 3
 3
 3
 3
 3
 3
 3
 3
 3
 3
 3
 3
 3
 3
 3
 3
 3
 3
 3
 3
 3
 3
 3
 3
 3
 3
 3
 3
 3
 3
 3
 3
 3
 3
 3
 3
 3
 3
 3
 3
 3
 3
 3
 3
 3
 3
 3
 3
 3
 3
 3
 3
 3
 3
 3
 3
 3
 3
 3
 3
 3
 3
 3
 3
 3
 3
 3
 3
 3
 3
 3
 3
 3
 3
 3
 3
 3
 3
 3
 3
 3
 3
 3
 3
 3
 3
 3
 3
 3
 3
 3
 3
 3
 3
 3
 3
 3
 3
 3
 3
 3
 3
 3
 3
 3
 3
 3
 3
 3
 3
 3
 3
 3
 3
 3
 3
 3
 3
 3
 3
 3
 3
 3
 3
 3
 3
 3
 3
 3
 3
 3
 3
 3
 3
 3
 3
 3
 3
 3
 3
 3
 3
 3
 3
 3
 3
 3
 3
 3
 3
 3
 3
 3
 3
 3
 3
 3
 3
 3
 3
 3
 3
 3
 3
 3
 3
 3
 3
 3
 3
 3
 3
 3
 3
 3
 3
 3
 3
 3
 3
 3
 3
 3
 3
 3
 3
 3
 3
 3
 3
 3
 3
 3
 3
 3
 3
 3
 3
 3
 3
 3



# name: <cell-element>
# type: matrix
# rows: 401
# columns: 1
 1.476384957182586
 1.6683922001362628
 1.4941599323155572
 1.6370699654405567
 1.6751048300248603
 1.7137192793407736
 1.7528324730533464
 1.792349727627587
 1.8321622529632782
 1.9984235190163213
 1.9150061688979796
 1.9551222252829945
 1.995061530973548
 2.0347128407690929
 2.0739674080713479
 2.1127227498895866
 2.1508836097241582
 2.1883626537326037
 2.2250809368988729
 2.2609681705430122
 2.2959628181436735
 2.3300120432860334
 2.3630715314455983
 2.3951052059500819
 2.4260848574676177
 2.4559897054484989
 2.4848059088984749
 2.5125260425992422
 2.5391485534133227
 2.564677209684167
 2.5891205550585821
 2.6124913764203188
 2.63480619412451
 2.6560847814400659
 2.6763497191047279
 2.6956259902264996
 2.713943749199609
 2.5486823808609835
 2.746585557726843
 2.7620942597001896
 2.7767608503844641
 2.7906115226965378
 2.8036757457425705
 2.8159829754459045
 2.8275624326506001
 2.838442914944352
 2.848652636781654
 2.8582190934462042
 2.8671689450714597
 2.8755279174140922
 2.8833207163939738
 2.890570884241225
 2.9017561432295236
 2.9118735366129305
 2.9182823181947772
 2.9242876312483999
 2.9299112526025812
 2.9351741073691695
 2.9400962215244779
 2.9446967309777774
 2.9489938954385977
 2.9530051161207855
 2.9567469564819704
 2.9602351653277696
 2.9634847017160055
 2.9665097611856299
 2.9693238029085149
 2.9719395774258612
 2.9743691546833562
 2.9766239521258413
 2.9787147626509745
 2.9806517822556233
 2.9824446372378479
 2.9841024108423899
 2.985633669260169
 2.9870464869105908
 2.9883484709519763
 2.9895467849794399
 2.9906481718819187
 2.9916589758397767
 2.99258516345362
 2.9934323440023443
 2.9942057888344036
 2.9949104499017407
 2.9955509774502072
 2.9961317368833882
 2.9966568248201115
 2.9971300843678539
 2.9975551196357832
 2.9979353095131365
 2.9982738207386519
 2.9985736202880688
 2.9988374871065835
 2.99906802321338
 2.9992676642051022
 2.9994386891850557
 2.9995832301441601
 2.9997032808194533
 2.9998007050550424
 2.9998772446899267
 2.9999345269961886
 2.9999740716903491
 2.9999972975397582
 3
 3
 2.9999818636045936
 2.9999521930559223
 2.9999119887284706
 2.9998621823042373
 2.9998036410877464
 2.9997371720609491
 2.9996635256927018
 2.9995833995165446
 2.9994974414892228
 2.9994062531425492
 2.9993103925395803
 2.9992103770459235
 2.9991066859259199
 2.9989997627727356
 2.9988900177807496
 2.9987778298674219
 2.9986635486514537
 2.9985474962925913
 2.998429969197669
 2.9983112395960871
 2.9981915569866491
 2.9980711494559951
 2.9979502248670715
 2.9978289719134668
 2.9977075610331632
 2.9975861451713701
 2.9974648603782201
 2.9973438262220831
 2.997223145992395
 2.9971029066587489
 2.9969831785422816
 2.9968640146439491
 2.9967454495582038
 2.9966274978815286
 2.9965101520016679
 2.9963933791221553
 2.9962771173398983
 2.9961612705452456
 2.9960457018547184
 2.9959302252115401
 2.9958145946954073
 2.9956984909647337
 2.9955815041067559
 2.9954631119853015
 2.9953406366352278
 3
 2.995158911667279
 2.9951054424153529
 2.9950478315907492
 2.9949887953410159
 2.9949288733725496
 2.9948684955998495
 2.9948080041574974
 2.9947476709777949
 2.9946877118235111
 2.9946282974898755
 2.9945695627474427
 2.9945116134829224
 2.9944545324034713
 2.9943983835953221
 2.9943432161695656
 2.9942890671797588
 2.9942359639592211
 2.9941839259952019
 2.9941329664338676
 2.9940830932900582
 2.9940343104217439
 2.9939866183160215
 2.9939400147245001
 2.9938944951780133
 2.9938500534046093
 2.9938066816698581
 2.9937643710546751
 2.9937231116828849
 2.9936828929080468
 2.9936437034675629
 2.9936055316099339
 2.993568365200487
 2.9935321918091558
 2.9934969987838875
 2.9934627733119554
 2.9934295024714066
 2.9933971732741296
 2.9933657727021576
 2.9933352877379731
 2.9933057053899259
 2.9932770127133352
 2.9932491968278989
 2.9932222449320292
 2.9931961443141364
 2.993170882361547
 2.9931464465671014
 2.9931228245336712
 2.9931000039769069
 2.9930779727260499
 2.993056718723258
 2.9930362300212812
 2.993016494779785
 2.9929975012600032
 2.9929792378182491
 2.9929616928979561
 2.9929448550203119
 2.9929287127736228
 2.9929132548012753
 2.9928984697883831
 2.9928843464469801
 2.9928708734998435
 2.9928580396627886
 2.9928458336256027
 2.9928342440312088
 2.9928232594534334
 2.9928128683729391
 2.9928030591514294
 2.9927938200040636
 2.9927851389698508
 2.9927770038800974
 2.9927694023246021
 2.9927623216156536
 2.9927557487496279
 2.9927496703660399
 2.9927440727039096
 2.9927389415552463
 2.9927342622156292
 2.9927300194314239
 2.9927261973437758
 2.9927227794288291
 2.9927197484342103
 2.9927170863114365
 2.992714774143916
 2.9927127920703791
 2.9927111192033875
 2.9927097335426769
 2.9927086118828372
 2.9927077297151792
 2.9927070611232591
 2.992706578671668
 2.9927062532878201
 2.9927060541359762
 2.9927059484833545
 2.9927059015574651
 2.9927058763944765
 2.9927058336776744
 2.992705731565636
 2.992705525509288
 2.9927051680572814
 2.9927046086487334
 2.9927037933927787
 2.9927026648337964
 2.9927011617015702
 2.9926992186454355
 2.9926967659511767
 2.992693729239821
 2.9926900291469392
 2.9926855809813238
 2.992680294361711
 2.9926740728300474
 2.9926668134398935
 2.9926584063182609
 2.9926487341992756
 2.9926376719277892
 2.9926250859309258
 2.9926108336557311
 2.9925947629705232
 2.9925767115276503
 2.992556506085267
 2.9925339617853797
 2.9925088813854313
 2.9924810544403742
 2.9924502564320963
 2.992416247842745
 2.992378773168439
 2.9923375598694206
 2.9922923172526414
 2.9922427352824372
 2.992188483314568
 2.9921292087488394
 2.9920645355949169
 2.991994062945905
 2.9919173633535943
 2.991833981099187
 2.9917434303526855
 2.9916451932138415
 2.9915387176270096
 2.9914234151617736
 2.9912986586507548
 2.9911637796753996
 2.991018065889901
 2.9908607581728996
 2.9906910475958584
 2.9905080721962656
 2.9903109135431647
 2.9900985930815285
 2.9898700682413328
 2.9896242282961127
 2.9893598899547964
 2.9890757926697171
 2.9887705936424598
 2.9884428625079393
 2.9880910756761478
 2.9877136103092701
 2.9873087379107179
 2.9868746175009893
 2.9864092883536264
 2.9859106622628433
 2.9853765153125429
 2.984804479114362
 2.9841920314805024
 2.983536486494561
 2.9828349839415371
 2.9820844780551425
 2.981281725538516
 2.980423272810703
 2.9795054424289331
 2.9785243186328971
 2.9774757319539074
 2.9763552428280144
 2.975158124148134
 2.9738793426859411
 2.9725135393095918
 2.9710550079186664
 2.969497673012071
 2.9678350657995942
 2.9660602987611098
 2.9641660385517099
 2.9621444771435561
 2.959987301088383
 2.9576856587762972
 2.9552301255582858
 2.9526106665908953
 2.9498165972513997
 2.9468365409618658
 2.9436583842489763
 2.9402692288545276
 2.93665534069864
 2.9328020954836274
 2.928693920711773
 2.9243142338735972
 2.9196453765463262
 2.9146685441228395
 2.9093637108714936
 2.9037095500047339
 2.8976833484107103
 2.8912609156760096
 2.8844164869994784
 2.8771226195661073
 2.8693500819166671
 2.8610677358118637
 2.8522424100496284
 2.8428387656502516
 2.8328191517751544
 2.8221434516920247
 2.8107689180395834
 2.7986499965797735
 2.7857381375523018
 2.7719815936650511
 2.7573252036630138
 2.7417101603161798
 2.7250737615518053
 2.7073491433263936
 2.6884649926850281
 2.6683452392874094
 2.6469087234874835
 2.6240688388321054
 2.5997331465890863
 2.5738029596189107
 2.5461728925598237
 2.5167303748931231
 2.4853551229819342
 2.4519185666177878
 2.4162832249466129
 2.3783020258555947
 2.3378175619568644
 2.2946612751660362
 2.2486525604982845
 2.1995977780337785
 2.1472891599650756
 2.0915035971373035
 2.0320012864086485
 1.9685242163397296
 1.9007944639686298
 1.8285122694910743
 1.7513538482221258
 1.6689688898718746
 1.5809776834664706
 1.48696779174494
 1.3864901813828039
 1.2790546957248661
 1.1641247384966449
 1.0411110315999927
 0.90936434924986431
 0.76816729811089968
 0.61672572495161171
 0.45416174120053726
 0.27951405495637982
 0.092431971551900999
 0



# name: <cell-element>
# type: matrix
# rows: 401
# columns: 1
 1.5463837087960297
 1.6724704032966076
 1.4785476593232372
 1.6167910201114295
 1.6590374665225136
 1.7062067774760001
 1.755107907675109
 1.8037663577159657
 1.8510080741869481
 2.0242686397133776
 1.9422216925603717
 1.9831367844619432
 2.022137346342423
 2.0594984609396527
 2.0954894732986404
 2.1303669594334478
 2.1643546965791676
 2.1976332445991318
 2.2303358692430519
 2.2625493185895973
 2.2943180314998464
 2.3256506164606119
 2.3565275327904045
 2.3869091266034324
 2.4167432755945271
 2.4459721991937298
 2.4745379754488157
 2.5023867045954962
 2.5294712385774791
 2.5557526026929827
 2.5812003697664094
 2.6057922100378255
 2.6295129887652888
 2.6523536545825723
 2.6743102418490805
 2.6953827999894777
 2.7155950269190066
 2.5519533755015229
 2.7519439974944655
 2.7693359622538116
 2.7858670577807851
 2.8015133842970861
 2.8162751368958339
 2.8301568367904362
 2.8431673787443947
 2.8553198919014542
 2.8666316312649576
 2.8771237721059344
 2.8868211272506663
 2.8957517430695709
 2.9039464280884042
 2.9114383401992336
 2.9227170458783296
 2.9327914267186119
 2.9390340304904532
 2.9447654975441497
 2.9500232293126283
 2.9548430024345103
 2.959258709133012
 2.9633021098922958
 2.967002659099705
 2.9703874020242864
 2.9734809549054537
 2.9763055500005691
 2.9788811443587462
 2.981225568297984
 2.9833547220400569
 2.9852827824747701
 2.9870224339135012
 2.9885851047903538
 2.9899811810083228
 2.9912202502580971
 2.9923112699729946
 2.993262766359519
 2.9940829781661771
 2.9947799920802183
 2.9953618385615575
 2.9958365682325425
 2.996212305313195
 2.9964972811077812
 2.9966998550180755
 2.9968285037290454
 2.9968918305448979
 2.996898558054486
 2.9968575264124042
 2.9967777215296718
 2.9966683335214563
 2.9965388688341048
 2.9963993471201653
 2.9962606117995882
 2.99613475468044
 2.9960356388183671
 2.9959794638525237
 2.9959851815009717
 2.996074792760592
 2.9962742613491682
 2.9966185707330704
 2.9971727264251458
 2.9980967444547919
 2.9999999978803866
 2.9978815679333359
 2.9741271434967298
 2.999166744385231
 2.9891941142366476
 2.9990987767893094
 2.9997223179256043
 2.9744795630812848
 2.9996073640498175
 2.9986348895870329
 2.9970946559404799
 2.996169646940352
 2.9955513852545894
 2.9951193967972931
 2.9948124510762382
 2.9945933893245185
 2.9944367641627414
 2.9943242851956242
 2.9942427092372585
 2.994182548665655
 2.9941371047698913
 2.9941017044705971
 2.9940731600124488
 2.9940493496682117
 2.9940289277637229
 2.9940111253191253
 2.9939955920975834
 2.9939822913910592
 2.9939714192173295
 2.9939633311410927
 2.9939585057687599
 2.9939575026756846
 2.9939609510718688
 2.9939695395722556
 2.993984046056323
 2.994005375305099
 2.9940346275875154
 2.9940732346857835
 2.9941231142259612
 2.9941869196427953
 2.9942683675404842
 2.9943726813776643
 2.9945072068221577
 2.9946823199525796
 2.9949129952677604
 2.9952219735590386
 2.9956470825398238
 2.9962589304718921
 2.9972023430472521
 2.9988898583686496
 2.9990832777124501
 2.9866207127471514
 2.9993781745502535
 2.9998305745803351
 2.9984450800609603
 2.9978981608671691
 2.9976876761066396
 2.9976520930401112
 2.9977148295760476
 2.9978362288286
 2.9979928642244502
 2.9981692574467242
 2.9983545133953644
 2.9985407951099301
 2.9987225019975439
 2.9988957279724686
 2.9990578477930043
 2.9992071987882558
 2.9993428448158701
 2.9994643672055346
 2.9995717503558921
 2.9996652634404235
 2.9997453883756795
 2.9998127674595882
 2.9998681624472461
 2.9999124233969092
 2.9999464639409634
 2.9999712444278535
 2.9999877548431884
 2.9999970021712685
 3
 2.9999977659877248
 2.9999913069813218
 2.9999816185718804
 2.9999696759524159
 2.9999564251055633
 2.9999427762496627
 2.9999296179546278
 2.9999179411744077
 2.9999092760988986
 2.9999069597098722
 2.9999194315213624
 2.9999692178168558
 2.9999998769004756
 2.9999924641410831
 2.9997797765109153
 2.9979024846886873
 2.9994787263657123
 2.9997929604462179
 2.9999920999873853
 2.9999062011184328
 2.9998182145526355
 2.9997715051897047
 2.9997428829990596
 2.9997230259762242
 2.9997078994334498
 2.9996956163159587
 2.9996851362959944
 2.9996757652139494
 2.9996669648959982
 2.9996582999449157
 2.9996494138824454
 2.999640020705848
 2.9996299026885387
 2.9996188970974584
 2.9996069001068957
 2.9995938512498421
 2.9995797356028557
 2.9995645813472294
 2.9995484433069488
 2.9995314162991376
 2.9995136164464804
 2.9994951887893588
 2.9994762923775031
 2.9994571085625745
 2.9994378272018349
 2.9994186490753858
 2.9993997752688584
 2.9993814078950147
 2.9993637470359342
 2.9993469849427292
 2.9993312974891779
 2.999316852599657
 2.9993037954255448
 2.9992922536773761
 2.9992823328290839
 2.9992741134325231
 2.9992676504532514
 2.9992629749860877
 2.9992600881333922
 2.9992589701850703
 2.9992595705947358
 2.9992618167968779
 2.9992656137752287
 2.9992708434017978
 2.9992773685096772
 2.9992850361944234
 2.9992936765782239
 2.9993031101550272
 2.9993131470229843
 2.9993235902752664
 2.9993342425816358
 2.9993449008803075
 2.9993553677894522
 2.9993654475982718
 2.9993749503693121
 2.9993836965859213
 2.9993915124843555
 2.9993982380315045
 2.9994037205910495
 2.9994078230391721
 2.9994104161141082
 2.9994113811014138
 2.9994106117719257
 2.9994080075572884
 2.9994034738559265
 2.9993969216842631
 2.9993882619239094
 2.9993774043732211
 2.9993642539938898
 2.9993487085641579
 2.9993306520828567
 2.9993099552178846
 2.9992864668783241
 2.9992600157667062
 2.9992304014430595
 2.9991973936810563
 2.9991607298985508
 2.9991201056585219
 2.9990751824558539
 2.9990255735087725
 2.9989708475537884
 2.9989105250945292
 2.998844078370964
 2.9987709251977193
 2.998690431546355
 2.9986019116305576
 2.9985046222505849
 2.9983977672919031
 2.9982804938566066
 2.9981518968812879
 2.998011015988665
 2.9978568333725679
 2.997688283439127
 2.997504241994708
 2.9973035338773761
 2.9970849324751865
 2.9968471560528065
 2.9965888708752164
 2.9963086888768311
 2.9960051702860353
 2.9956768133065887
 2.9953220632241115
 2.9949393019091612
 2.9945268473635918
 2.9940829491268972
 2.9936057857637994
 2.9930934548045052
 2.9925439709752051
 2.9919552562721061
 2.9913251332245503
 2.9906513171386115
 2.9899314007393509
 2.9891628518056672
 2.9883429939974988
 2.9874689992856722
 2.9865378716963891
 2.9855464315340754
 2.9844913030661298
 2.983368897188035
 2.982175390014135
 2.9809067088769088
 2.9795585093956647
 2.9781261564973782
 2.9766047001834885
 2.9749888537988474
 2.9732729678734606
 2.9714510063962982
 2.9695165158333308
 2.9674625999962467
 2.9652818864840143
 2.9629664940035267
 2.9605080021998336
 2.9578974099041679
 2.9551251001070211
 2.9521807987332789
 2.9490535291634212
 2.9457315693659729
 2.9422024000250011
 2.9384526549006362
 2.9344680624940707
 2.9302333903727549
 2.9257323779998652
 2.9209476728569146
 2.9158607567228341
 2.9104518696909918
 2.9046999268637097
 2.8985824346188624
 2.8920753913331878
 2.8851531932892689
 2.8777885241493677
 2.8699522420208008
 2.8616132588485166
 2.8527384073732569
 2.8432923053025703
 2.833237202399491
 2.8225328242412169
 2.8111362014198322
 2.7990014848422624
 2.7860797535092678
 2.7723188033017925
 2.7576629242076383
 2.7420526602614888
 2.7254245513233744
 2.7077108597111841
 2.6888392695507588
 2.6687325738641117
 2.6473083296595297
 2.6244784896347468
 2.6001490101176863
 2.5742194204020707
 2.5465823681760495
 2.5171231211134808
 2.4857190339178303
 2.4522389707670089
 2.416542683757541
 2.3784801367700816
 2.3378907807953246
 2.2946027647591332
 2.2484320887698788
 2.1991816867180578
 2.1466404409864004
 2.0905821234904223
 2.0307642614205337
 1.966926933268865
 1.8987914921695557
 1.8260592313021871
 1.7484100017615594
 1.6655007982061301
 1.5769643367460904
 1.4824076333519747
 1.3814105620111274
 1.2735242832761522
 1.1582691988490816
 1.0351315457995423
 0.90355651937462111
 0.76293320443654533
 0.61256150386114983
 0.45158147873711285
 0.27881128322188758
 0.092820599529999256
 0



# name: <cell-element>
# type: matrix
# rows: 401
# columns: 1
 3
 3
 3
 3
 3
 3
 3
 3
 3
 3
 3
 3
 3
 3
 3
 3
 3
 3
 3
 3
 3
 3
 3
 3
 3
 3
 3
 3
 3
 3
 3
 3
 3
 3
 3
 3
 3
 3
 3
 3
 3
 3
 3
 3
 3
 3
 3
 3
 3
 3
 3
 3
 3
 3
 3
 3
 3
 3
 3
 3
 3
 3
 3
 3
 3
 3
 3
 3
 3
 3
 3
 3
 3
 3
 3
 3
 3
 3
 3
 3
 3
 3
 3
 3
 3
 3
 3
 3
 3
 3
 3
 3
 3
 3
 3
 3
 3
 3
 3
 3
 3
 3
 3
 3
 3
 3
 3
 3
 3
 3
 3
 3
 3
 3
 3
 3
 3
 3
 3
 3
 3
 3
 3
 3
 3
 3
 3
 3
 3
 3
 3
 3
 3
 3
 3
 3
 3
 3
 3
 3
 3
 3
 3
 3
 3
 3
 3
 3
 3
 3
 3
 3
 3
 3
 3
 3
 3
 3
 3
 3
 3
 3
 3
 3
 3
 3
 3
 3
 3
 3
 3
 3
 3
 3
 3
 3
 3
 3
 3
 3
 3
 3
 3
 3
 3
 3
 3
 3
 3
 3
 3
 3
 3
 3
 3
 3
 3
 3
 3
 3
 3
 3
 3
 3
 3
 3
 3
 3
 3
 3
 3
 3
 3
 3
 3
 3
 3
 3
 3
 3
 3
 3
 3
 3
 3
 3
 3
 3
 3
 3
 3
 3
 3
 3
 3
 3
 3
 3
 3
 3
 3
 3
 3
 3
 3
 3
 3
 3
 3
 3
 3
 3
 3
 3
 3
 3
 3
 3
 3
 3
 3
 3
 3
 3
 3
 3
 3
 3
 3
 3
 3
 3
 3
 3
 3
 3
 3
 3
 3
 3
 3
 3
 3
 3
 3
 3
 3
 3
 3
 3
 3
 3
 3
 3
 3
 3
 3
 3
 3
 3
 3
 3
 3
 3
 3
 3
 3
 3
 3
 3
 3
 3
 3
 3
 3
 3
 3
 3
 3
 3
 3
 3
 3
 3
 3
 3
 3
 3
 3
 3
 3
 3
 3
 3
 3
 3
 3
 3
 3
 3
 3
 3
 3
 3
 3
 3
 3
 3
 3
 3
 3
 3
 3
 3
 3
 3
 3
 3
 3
 3
 3
 3
 3
 3
 3
 3
 3
 3
 3
 3
 3
 3
 3
 3
 3
 3
 3
 3
 3
 3
 3
 3
 3
 3
 3
 3
 3
 3
 3
 3
 3
 3
 3
 3
 3
 3
 3
 3
 3
 3
 3



# name: <cell-element>
# type: matrix
# rows: 401
# columns: 1
 3
 3
 3
 3
 3
 3
 3
 3
 3
 3
 3
 3
 3
 3
 3
 3
 3
 3
 3
 3
 3
 3
 3
 3
 3
 3
 3
 3
 3
 3
 3
 3
 3
 3
 3
 3
 3
 3
 3
 3
 3
 3
 3
 3
 3
 3
 3
 3
 3
 3
 3
 3
 3
 3
 3
 3
 3
 3
 3
 3
 3
 3
 3
 3
 3
 3
 3
 3
 3
 3
 3
 3
 3
 3
 3
 3
 3
 3
 3
 3
 3
 3
 3
 3
 3
 3
 3
 3
 3
 3
 3
 3
 3
 3
 3
 3
 3
 3
 3
 3
 3
 3
 3
 3
 3
 3
 3
 3
 3
 3
 3
 3
 3
 3
 3
 3
 3
 3
 3
 3
 3
 3
 3
 3
 3
 3
 3
 3
 3
 3
 3
 3
 3
 3
 3
 3
 3
 3
 3
 3
 3
 3
 3
 3
 3
 3
 3
 3
 3
 3
 3
 3
 3
 3
 3
 3
 3
 3
 3
 3
 3
 3
 3
 3
 3
 3
 3
 3
 3
 3
 3
 3
 3
 3
 3
 3
 3
 3
 3
 3
 3
 3
 3
 3
 3
 3
 3
 3
 3
 3
 3
 3
 3
 3
 3
 3
 3
 3
 3
 3
 3
 3
 3
 3
 3
 3
 3
 3
 3
 3
 3
 3
 3
 3
 3
 3
 3
 3
 3
 3
 3
 3
 3
 3
 3
 3
 3
 3
 3
 3
 3
 3
 3
 3
 3
 3
 3
 3
 3
 3
 3
 3
 3
 3
 3
 3
 3
 3
 3
 3
 3
 3
 3
 3
 3
 3
 3
 3
 3
 3
 3
 3
 3
 3
 3
 3
 3
 3
 3
 3
 3
 3
 3
 3
 3
 3
 3
 3
 3
 3
 3
 3
 3
 3
 3
 3
 3
 3
 3
 3
 3
 3
 3
 3
 3
 3
 3
 3
 3
 3
 3
 3
 3
 3
 3
 3
 3
 3
 3
 3
 3
 3
 3
 3
 3
 3
 3
 3
 3
 3
 3
 3
 3
 3
 3
 3
 3
 3
 3
 3
 3
 3
 3
 3
 3
 3
 3
 3
 3
 3
 3
 3
 3
 3
 3
 3
 3
 3
 3
 3
 3
 3
 3
 3
 3
 3
 3
 3
 3
 3
 3
 3
 3
 3
 3
 3
 3
 3
 3
 3
 3
 3
 3
 3
 3
 3
 3
 3
 3
 3
 3
 3
 3
 3
 3
 3
 3
 3
 3
 3
 3
 3
 3
 3
 3
 3
 3
 3
 3
 3
 3



# name: <cell-element>
# type: matrix
# rows: 301
# columns: 1
 0.65700171913021743
 0.74394352517375462
 0.667701763300525
 0.73323509781841845
 0.75217774527605363
 0.77161180825560893
 0.79150856342989895
 0.81183100595107294
 0.83253293876927748
 0.91123273133232741
 0.87633477109714764
 0.89790135822927908
 0.91961272064927102
 0.94140523750874172
 0.96321341843921793
 0.98497206856817454
 1.0066171620896514
 1.0280866383956915
 1.0493211140808232
 1.0702645038098499
 1.0908645437719389
 1.1110732132571592
 1.1308470524280341
 1.1501473772437145
 1.1689403953945812
 1.1871972297737852
 1.2048938582428645
 1.2220109801470109
 1.2385338211349548
 1.2544518883767757
 1.2697586882904666
 1.2844514185194509
 1.2985306452329279
 1.3119999760074328
 1.3248657377277691
 1.3371366679645251
 1.3488247793742119
 1.2689311791024607
 1.3697680316125223
 1.3797721639420573
 1.3892479640766635
 1.3982100218830806
 1.4066746563835164
 1.4146585632770203
 1.4221786261172256
 1.4292517535645723
 1.4358947394643986
 1.4421241427840084
 1.4479561848257734
 1.4534066613957999
 1.4584908677891077
 1.4632235222213779
 1.4699125884836286
 1.4759835226090368
 1.4800781463971195
 1.4839004546756449
 1.4874638574814196
 1.490781190325472
 1.4938647012247768
 1.4967260512822942
 1.49937631889617
 1.5018260068712967
 1.5040850518121167
 1.5061628352667753
 1.5080681961665792
 1.5098094441686547
 1.5113943735604169
 1.5128302774285796
 1.5141239618337066
 1.515281759759491
 1.5163095446327022
 1.5172127432306408
 1.5179963478058811
 1.5186649272713264
 1.5192226372914988
 1.5196732291287396
 1.5200200570859206
 1.5202660843735838
 1.5204138872113053
 1.5204656569400381
 1.5204231998771598
 1.5202879345870426
 1.5200608861531664
 1.5197426769217901
 1.5193335130337302
 1.5188331658366261
 1.5182409469817968
 1.5175556755957893
 1.516775635358083
 1.5158985185461096
 1.514921353045884
 1.5138404068750255
 1.5126510627760852
 1.5113476527313763
 1.5099232385858883
 1.5083693200342749
 1.5066754446560284
 1.5048286860153204
 1.5028129452824355
 1.5006006004228123
 2.9945441786446407
 2.9875230788723499
 2.9822854760595341
 2.9782295823336584
 2.9749997421860872
 2.9723701563552751
 2.9701906926004114
 2.9683577624901658
 2.9667977097077314
 2.965456850526544
 2.9642952467531725
 2.9632826722290107
 2.9623959214574782
 2.9616169692133689
 2.9609316877582694
 2.9603289417110483
 2.9597999487471012
 2.9593378376704189
 2.9589373655445619
 2.9585947796417607
 2.9583078332465846
 2.958075991760361
 2.9579009029410352
 2.9577872605001918
 2.9577459362023042
 2.9968758026780926
 2.9574179670910263
 2.9571404563801296
 2.9569338661775033
 2.9567832178452123
 2.9566797616299718
 2.9566176326357936
 2.9565928184580117
 2.9566025184338298
 2.9566447423867159
 2.9567180565235445
 2.9568214202848337
 2.9569540798017995
 2.9571154968670985
 2.9573053003892462
 2.9575232522277242
 2.9577692223279901
 2.9580431699372065
 2.9583451288385629
 2.9586751952614665
 2.9590335175776548
 2.9594202871815916
 2.9598357301368701
 2.960280099290828
 2.9607536666375429
 2.961256715762481
 2.9617895342375502
 2.9623524058590918
 2.9629456026381704
 2.9635693764632451
 2.9642239503632242
 2.9649095093031184
 2.9656261904469541
 2.9663740728261474
 2.967153166350744
 2.9679634001041837
 2.9688046098637746
 2.9696765247924484
 2.9705787532533141
 2.9715107677052051
 2.9724718886481343
 2.973461267599443
 2.9744778690975338
 2.975520451748114
 2.9765875483466262
 2.9776774451359547
 2.9787881602808404
 2.9799174216699384
 2.9810626441899455
 2.9822209066565173
 2.9833889286427113
 2.9845630475203597
 2.98573919613936
 2.9869128817257669
 2.9880791668075952
 2.989232653305709
 2.9903674714043995
 2.9914772755000456
 2.9925552505153346
 2.9935941332825928
 2.9945862557408893
 2.9955236196199619
 2.9963980164879715
 2.9972012130610621
 2.9979252302688346
 2.998562756786368
 2.9991077550021012
 2.9995563415692281
 2.9999080740867896
 3
 3
 3
 3
 2.9979547908618995
 2.9959515277220694
 1.5005387249166076
 1.5005848344679904
 1.5005916458229076
 1.5005724517335945
 1.5005347077131201
 1.5004855279812375
 1.50043153947319
 1.5003787828861614
 1.5003326453076606
 1.5002978131182123
 1.5002782374018966
 1.5002771070860941
 1.5002968273266266
 1.500339002278118
 1.5004044224311319
 1.5004930572697375
 1.5006040542180483
 1.5007357447981189
 1.5008856586975474
 1.5010505461094501
 1.5012264083163427
 1.5014085360832443
 1.5015915550372141
 1.5017694768672429
 1.5019357548967533
 1.5020833423766446
 1.502204751728571
 1.5022921129388469
 1.5023372293633366
 1.5023316293421618
 1.5022666122292538
 1.5021332876918816
 1.5019226074115948
 1.5016253885953201
 1.5012323289667397
 1.5007340131388616
 1.5001209104617637
 1.4993833645926233
 1.4985115751508256
 1.497495571903559
 1.4963251819809698
 1.494989990651542
 1.4934792961995582
 1.4917820594378957
 1.489886848368172
 1.4877817784587086
 1.4854544489589672
 1.4828918755985614
 1.4800804199435675
 1.4770057155931384
 1.4736525913104737
 1.4700049910909838
 1.4660458910838683
 1.4617572132051666
 1.4571197352083995
 1.4521129969196815
 1.4467152022898482
 1.4409031168703088
 1.4346519602755876
 1.4279352931522846
 1.4207248981332916
 1.4129906542059605
 1.4047004038725412
 1.3958198124238943
 1.3863122185801273
 1.3761384756787554
 1.3652567825071871
 1.3536225027819271
 1.3411879721703004
 1.3279022916330152
 1.3137111057327684
 1.2985563644035767
 1.2823760665077453
 1.2651039833092752
 1.2466693597578573
 1.2269965911953267
 1.2060048727439223
 1.1836078181957042
 1.1597130446692729
 1.1342217186006416
 1.1070280577571521
 1.078018782847973
 1.0470725108990286
 1.0140590807614551
 0.97883879881574498
 0.94126158994754383
 0.90116603497330461
 0.85837827057881932
 0.81271072109043252
 0.7639606225251282
 0.71190828780817739
 0.65631504746662905
 0.59692078311470043
 0.53344095541014258
 0.46556302666045579
 0.3929422282596422
 0.31519682700017337
 0.23190367329105704
 0.14259657205458284
 0.047116671314175379
 0



# name: <cell-element>
# type: matrix
# rows: 301
# columns: 1
 1.005599295342857
 0.68167759220828761
 0.67685553497151896
 0.73943480382964299
 0.75491476643631039
 0.77444925829895406
 0.7950567425928925
 0.81696916230747818
 0.83900658818056295
 0.91992322902333779
 0.88571331924902419
 0.90856546261349014
 0.93092617162297275
 0.9530795579485265
 0.97476146533766339
 0.99593091142563606
 1.0165018790148079
 1.0364053051865356
 1.0556013802888173
 1.0741282685635971
 1.0921576437589529
 1.1100323126851543
 1.1282509925901505
 1.1473770498119482
 1.1678731733612195
 1.1898988405217246
 1.2131410285766575
 1.2367528753900638
 1.2594571514095918
 1.2798146659829781
 1.2965992974359102
 1.3091672761577515
 1.3177107962471981
 1.323237678563669
 1.3275030753198775
 1.3321469214666783
 1.3392600652567346
 1.2589895180133481
 1.3610767814805633
 1.3759365619006549
 1.3923208789925381
 1.4083226304654013
 1.4229291600852843
 1.4352676229188746
 1.4450969123346069
 1.452570676805609
 1.4580867694902162
 1.4620765953200967
 1.4648683002509106
 1.4666543459391965
 1.4675540950515842
 1.4677371293218799
 1.4698315238948756
 1.4717851745638511
 1.4729266978410518
 1.4756782943175737
 1.4806021330704147
 1.4879047449023692
 1.4973095651994146
 1.5080288116296077
 1.518858351072863
 1.5283793240571097
 1.5352306184003104
 1.5383943465467191
 1.5374310640123874
 1.5326096959497568
 1.5248989019635628
 1.5158168004475718
 1.5071666823611818
 1.5007095320065318
 1.4978369141135799
 1.4993061150047013
 1.5050886807746007
 1.514363693773525
 1.5256596068952606
 1.537122720639073
 1.5468605974436143
 1.5532944460522657
 1.5554481920919954
 1.5531170883722316
 1.5468838007430188
 1.5379832179624884
 1.5280481300233009
 1.518789608171254
 1.5116774511611641
 1.5076817074554636
 1.5071238823384474
 1.5096619295841154
 1.5144054972934844
 1.5201315507485709
 1.5255487609952316
 1.5295526753336395
 1.5314177018810733
 1.5308912930072702
 1.5281800741705207
 1.5238409535239441
 1.5186482745440411
 1.5132412453637178
 1.5085309747842357
 1.5041957628266687
 2.9948603475650395
 2.9933630095517185
 2.9932824723325111
 2.9900122481160922
 2.9846755444823581
 2.9798627157404822
 2.9772784793345761
 2.9771382578854722
 2.9784949044000082
 2.9798725964156016
 2.9799447707986397
 2.9780447235778444
 2.9743606020540603
 2.9697879575025903
 2.9655467376611888
 2.9627377589330184
 2.9620007706694853
 2.9633672800431419
 2.9663140388415927
 2.9699547151455001
 2.9733066537726347
 2.9752624363190461
 2.9759527541879551
 2.9732926054275519
 2.9756901748767297
 2.9999740467615097
 2.9666219373038225
 2.9567102099521514
 2.954863258941185
 2.9531671877516947
 2.9538884320579091
 2.9562142074346731
 2.9600160992507609
 2.9647477718381041
 2.9697560147518489
 2.9743777084294676
 2.9780324422448476
 2.9802932914737177
 2.980930399942213
 2.9799253087436437
 2.9774567382368433
 2.9738625015692861
 2.9695863397950868
 2.9651206705962183
 2.9609556947179354
 2.957541324025224
 2.9552625713701408
 2.9544233938709121
 2.9552309719171124
 2.9577738244703773
 2.9619929842956236
 2.9676540270786744
 2.974336146892913
 2.9814603936046478
 2.988393036514474
 2.994795262945174
 2.9999999989874162
 2.9999999980907468
 3
 3
 2.9992291200036907
 2.9991608773886553
 2.9969585310468627
 2.9965260613229745
 2.9996417413973941
 3
 3
 3
 3
 3
 3
 3
 3
 3
 3
 3
 3
 3
 3
 3
 3
 3
 3
 3
 3
 3
 3
 3
 3
 3
 3
 3
 3
 3
 3
 3
 3
 3
 3
 3
 1.7422587111681571
 1.5609970683777457
 1.5320850278362128
 1.5232563290827541
 1.5196177430507973
 1.5165549192532792
 1.5134488647157318
 1.5103912139585058
 1.5075083620275695
 1.5048652119041395
 1.5024734643576394
 1.500308658385719
 1.4983256704345393
 1.4964735440871095
 1.4947089412055474
 1.4930077011280496
 1.4913739921995062
 1.4898467987933657
 1.4885020827291358
 1.4874494513929639
 1.4868218329620244
 1.4867577568735826
 1.4873775813674435
 1.4887564760904719
 1.4908983597544738
 1.4937165053488439
 1.4970256168675817
 1.5005502456474211
 1.5039509859946065
 1.5068678374952993
 1.5089753421498542
 1.5100411334496344
 1.5099767993516104
 1.5088690225416956
 1.5069809132931626
 1.5047181703775974
 1.5025610631359618
 1.5009721382863885
 1.5002963093796133
 1.5006752506835523
 1.5019974407401628
 1.5038997513501946
 1.505825611906114
 1.5071313297182982
 1.5072200849720641
 1.5056736054420297
 1.5023510703083156
 1.4974286826331364
 1.4913671007542948
 1.48480949071924
 1.4784311415099789
 1.472775419813197
 1.4681169962482898
 1.4643895271128491
 1.4611993792179294
 1.4579261546205273
 1.4538864984699902
 1.4485208980451216
 1.4415546405100874
 1.4330893632282413
 1.4235965254509459
 1.4138077824104254
 1.4045230655157015
 1.39637997634167
 1.3896422905442485
 1.3840650778012598
 1.3788790427352411
 1.3729086868463127
 1.3648060529202835
 1.3533512254167723
 1.3377520664774489
 1.3178704626609465
 1.2943149436189911
 1.2683643742850772
 1.2417235138364782
 1.216149653609139
 1.1930242702484837
 1.1729656096916765
 1.1555810900917329
 1.1394390117154536
 1.122297145598705
 1.1015669999693161
 1.0749264960477156
 1.0409371801549623
 0.99949358592594861
 0.95194860743360821
 0.90082494673494606
 0.84913001042835901
 0.79941729340531487
 0.75284982265736089
 0.70858309572320377
 0.66375642696353832
 0.61423338189055099
 0.55596990651679579
 0.48658447096624102
 0.40645421121947833
 0.3188208049794638
 0.2282120623818214
 0.13851548728108537
 0.049619985612989102
 0



# name: <cell-element>
# type: matrix
# rows: 301
# columns: 1
 3
 3
 3
 3
 3
 3
 3
 3
 3
 3
 3
 3
 3
 3
 3
 3
 3
 3
 3
 3
 3
 3
 3
 3
 3
 3
 3
 3
 3
 3
 3
 3
 3
 3
 3
 3
 3
 3
 3
 3
 3
 3
 3
 3
 3
 3
 3
 3
 3
 3
 3
 3
 3
 3
 3
 3
 3
 3
 3
 3
 3
 3
 3
 3
 3
 3
 3
 3
 3
 3
 3
 3
 3
 3
 3
 3
 3
 3
 3
 3
 3
 3
 3
 3
 3
 3
 3
 3
 3
 3
 3
 3
 3
 3
 3
 3
 3
 3
 3
 3
 3
 3
 3
 3
 3
 3
 3
 3
 3
 3
 3
 3
 3
 3
 3
 3
 3
 3
 3
 3
 3
 3
 3
 3
 3
 3
 3
 3
 3
 3
 3
 3
 3
 3
 3
 3
 3
 3
 3
 3
 3
 3
 3
 3
 3
 3
 3
 3
 3
 3
 3
 3
 3
 3
 3
 3
 3
 3
 3
 3
 3
 3
 3
 3
 3
 3
 3
 3
 3
 3
 3
 3
 3
 3
 3
 3
 3
 3
 3
 3
 3
 3
 3
 3
 3
 3
 3
 3
 3
 3
 3
 3
 3
 3
 3
 3
 3
 3
 3
 3
 3
 3
 3
 3
 3
 3
 3
 3
 3
 3
 3
 3
 3
 3
 3
 3
 3
 3
 3
 3
 3
 3
 3
 3
 3
 3
 3
 3
 3
 3
 3
 3
 3
 3
 3
 3
 3
 3
 3
 3
 3
 3
 3
 3
 3
 3
 3
 3
 3
 3
 3
 3
 3
 3
 3
 3
 3
 3
 3
 3
 3
 3
 3
 3
 3
 3
 3
 3
 3
 3
 3
 3
 3
 3
 3
 3
 3
 3
 3
 3
 3
 3
 3
 3
 3
 3
 3
 3
 3
 3
 3
 3
 3
 3
 3
 3
 3
 3
 3
 3
 3



# name: <cell-element>
# type: matrix
# rows: 301
# columns: 1
 3
 3
 3
 3
 3
 3
 3
 3
 3
 3
 3
 3
 3
 3
 3
 3
 3
 3
 3
 3
 3
 3
 3
 3
 3
 3
 3
 3
 3
 3
 3
 3
 3
 3
 3
 3
 3
 3
 3
 3
 3
 3
 3
 3
 3
 3
 3
 3
 3
 3
 3
 3
 3
 3
 3
 3
 3
 3
 3
 3
 3
 3
 3
 3
 3
 3
 3
 3
 3
 3
 3
 3
 3
 3
 3
 3
 3
 3
 3
 3
 3
 3
 3
 3
 3
 3
 3
 3
 3
 3
 3
 3
 3
 3
 3
 3
 3
 3
 3
 3
 3
 3
 3
 3
 3
 3
 3
 3
 3
 3
 3
 3
 3
 3
 3
 3
 3
 3
 3
 3
 3
 3
 3
 3
 3
 3
 3
 3
 3
 3
 3
 3
 3
 3
 3
 3
 3
 3
 3
 3
 3
 3
 3
 3
 3
 3
 3
 3
 3
 3
 3
 3
 3
 3
 3
 3
 3
 3
 3
 3
 3
 3
 3
 3
 3
 3
 3
 3
 3
 3
 3
 3
 3
 3
 3
 3
 3
 3
 3
 3
 3
 3
 3
 3
 3
 3
 3
 3
 3
 3
 3
 3
 3
 3
 3
 3
 3
 3
 3
 3
 3
 3
 3
 3
 3
 3
 3
 3
 3
 3
 3
 3
 3
 3
 3
 3
 3
 3
 3
 3
 3
 3
 3
 3
 3
 3
 3
 3
 3
 3
 3
 3
 3
 3
 3
 3
 3
 3
 3
 3
 3
 3
 3
 3
 3
 3
 3
 3
 3
 3
 3
 3
 3
 3
 3
 3
 3
 3
 3
 3
 3
 3
 3
 3
 3
 3
 3
 3
 3
 3
 3
 3
 3
 3
 3
 3
 3
 3
 3
 3
 3
 3
 3
 3
 3
 3
 3
 3
 3
 3
 3
 3
 3
 3
 3
 3
 3
 3
 3
 3
 3



# name: <cell-element>
# type: matrix
# rows: 201
# columns: 1
 0.594933525611124
 1.2389333512859027
 1.3158570005523063
 1.3970647906714486
 1.4819473309028297
 1.569632501925728
 1.6590882485669753
 1.7492136367783946
 1.8389137254244743
 1.9271581688114579
 2.0130245396470388
 2.095727311221641
 2.1746335036926885
 2.2492664830808229
 2.3193000397188444
 2.3845453090712772
 2.4449331590364252
 2.5004943889756195
 2.5513396065131313
 2.5976401120443566
 2.6396106265782127
 2.6774942948441529
 2.7115500950977744
 2.7420425818000949
 2.7692337604207178
 2.7933768260318907
 2.8174460182861116
 2.8425660671418651
 2.8605893613541391
 2.8764907434617468
 2.8906318502384543
 2.9031952204640681
 2.9143473217404239
 2.9242392784699276
 2.9330077556851064
 2.9407759329576986
 2.9476545187929402
 2.9537427689849776
 2.9591294828015529
 2.9638939590007802
 2.968106899954571
 2.9718312569115644
 2.9751230129800788
 2.9780319029999913
 2.9806020713163077
 2.9828726697319334
 2.984878398746035
 2.9866499956811183
 2.9882146735576796
 2.9895965146524763
 2.9908168226293408
 2.9918944369986242
 2.9928460134721151
 2.9936862735571292
 2.9944282264927926
 2.995083366384613
 2.9956618471491381
 2.9961726376439555
 2.9966236591333217
 2.9970219070293038
 2.9973735586519661
 2.9976840685724047
 2.9979582529376541
 2.9982003640260291
 2.9984141561467537
 2.998602943873903
 2.9987696534967019
 2.9989168684679828
 2.999046869544054
 2.9991616702325259
 2.9992630480923315
 2.9993525723688261
 2.9994316283909828
 2.999501439108168
 2.9995630841009122
 2.9996175163603414
 2.999665577097423
 2.9997080088122177
 2.9997454668267363
 2.9997785294607855
 2.9998077070096016
 2.9998334496629897
 2.999856154489529
 2.9998761715945967
 2.9998938095483023
 2.9999093401679011
 2.9999230027291359
 2.9999350076723248
 2.9999455398607293
 2.9999547614421069
 2.9999628143578847
 2.9999698225391747
 2.9999758938236685
 2.9999811216233794
 2.9999855863690752
 2.9999893567539542
 2.9999924907958628
 2.999995036734656
 2.9999970337786404
 2.9999985127116995
 2.9999994963706018
 3
 3
 2.9999995915039208
 2.9999986734872723
 2.9999972635762107
 2.9999953403862945
 2.9999928746890081
 2.9999898289675841
 2.9999861568460382
 2.9999818023824685
 2.9999766992161514
 2.9999707695550457
 2.9999639229886093
 2.9999560551074871
 2.999947045909134
 2.9999367579648655
 2.9999250343203778
 2.9999116960975019
 2.9998965397605697
 2.9998793340053695
 2.9998598162232315
 2.9998376884857829
 2.99981261298919
 2.9997842068876359
 2.9997520364370973
 2.9997156103595266
 2.999674372325515
 2.9996276924402308
 2.9995748576021444
 2.9995150605853929
 2.9994473876802279
 2.9993708046995322
 2.999284141137736
 2.9991860722381269
 2.9990750986931243
 2.9989495236651869
 2.9988074267750324
 2.9986466346568101
 2.9984646876272834
 2.9982588019555267
 2.9980258271524654
 2.9977621976219844
 2.997463877928658
 2.9971263008384756
 2.9967442971768041
 2.9963120164218466
 2.9958228368079807
 2.9952692635512945
 2.9946428136254015
 2.9939338853075541
 2.9931316104784655
 2.9922236873923578
 2.9911961913301557
 2.9900333602056857
 2.9887173518055636
 2.9872279689025443
 2.98554234798259
 2.9836346067597845
 2.9814754450114971
 2.9790316925392557
 2.9762657972366235
 2.9731352453111195
 2.9695919046488464
 2.9655812811099422
 2.9610416761827691
 2.9559032328823385
 2.95008685502986
 2.9435029830679378
 2.9360502073179484
 2.9276136970375881
 2.918063420745884
 2.9072521300056051
 2.8950130751355907
 2.8811574171093546
 2.8654712951144408
 2.8477125038224771
 2.8276067282665145
 2.8048432772413112
 2.7790702482220855
 2.7498890478108757
 2.7168481815225376
 2.6794362151511493
 2.6370737968253009
 2.5891046139564637
 2.5347851423673169
 2.4732730256836821
 2.4036139012736069
 2.3247264642672052
 2.2353855330899548
 2.1342028480355713
 2.0196052981863604
 1.8898102309492621
 1.7427974524557728
 1.5762774785525164
 1.387655564747224
 1.1739911582498266
 0.93195349780154202
 0.65778134466219385
 0.34730123332697022
 0.06052428419609749



# name: <cell-element>
# type: matrix
# rows: 201
# columns: 1
 1.0471599173609056
 1.8165415757479551
 1.6423077903278336
 1.565352893820509
 1.526697228731162
 1.521994749055837
 1.551896595211173
 1.6186122705680281
 1.7185532037719593
 1.841756902618807
 1.9743084357722804
 2.1024892732164222
 2.2165368944525077
 2.3124571459562273
 2.3914790907756611
 2.4578646811518752
 2.5163341068903975
 2.5702971595352304
 2.621353745679817
 2.669724543213519
 2.7149509789119883
 2.7564101964747265
 2.7935722737628113
 2.8261019417919413
 2.8539062694758042
 2.8771505271538826
 2.8989686830605366
 2.9207711680472603
 2.9346729825838169
 2.9459682286248148
 2.9552369329858403
 2.9628081522228191
 2.9689559142789248
 2.9739301626466013
 2.9779728753774317
 2.9813071698352251
 2.9841216138017317
 2.9865458978223436
 2.9886478198370621
 2.990436834017014
 2.9918924994429132
 2.9929919885927911
 2.993737709251278
 2.9941642466031619
 2.9943460655617229
 2.9944130722056932
 2.9945729427589312
 2.9950921329918181
 2.9964619920764428
 2.998704980648994
 2.9925604204832434
 2.9883174495616833
 2.9977490130542668
 2.9999981235100099
 2.9981577209793002
 2.9985410376954347
 2.9989459826599929
 2.9992949523871126
 2.9994412747382153
 2.999411229432555
 2.9992624932917447
 2.999053390301134
 2.9988330053323105
 2.9986369650156273
 2.9985312011325003
 2.9986847670497521
 2.9998879695698295
 2.9981563556815032
 2.9999997698013039
 2.9988687298637582
 2.9995956698206947
 2.9999860821096904
 3
 2.9999847796499512
 2.9999955826298348
 2.9999676488736267
 2.9997243156861839
 3
 2.9991382405448568
 2.999993534823338
 2.9994759498042614
 2.99931813470493
 2.9990110046515563
 2.9986031893184451
 2.9980852899790924
 2.9974558825571873
 2.9967335411914959
 2.9959495211393441
 2.9951407239367955
 2.9943432569771096
 2.9935885581912731
 2.9929041762355326
 2.9923145735780388
 2.9918472229641941
 2.9915419087664805
 2.9914594242001979
 2.991695971961096
 2.9924411026026552
 2.9939284980936689
 2.99924000375472
 2.998238570921393
 2.9354804234946004
 2.957440161146768
 2.9996614386606293
 2.9970641397062643
 2.9915656389725518
 2.9885492020557569
 2.9863560972398226
 2.9846631574325375
 2.983202138226154
 2.9818537580967166
 2.9805796849420614
 2.9793747893307305
 2.9782497380275088
 2.9772253744988086
 2.9763265455447403
 2.9755763390881187
 2.9749914615091164
 2.9745802049411969
 2.9743418411529765
 2.9742689892395457
 2.9743489673893069
 2.9745659189899216
 2.9749035868987246
 2.9753449169110224
 2.9758747896742825
 2.9764785557319553
 2.9771436837678995
 2.9778593135449163
 2.9786167926266676
 2.9794099441573025
 2.9802344970202759
 2.9810880746453257
 2.9819690517601565
 2.9828751642270745
 2.9838030271376721
 2.9847456644228001
 2.985692976165943
 2.9866310521281552
 2.9875427945177702
 2.9884082796979463
 2.9892076365468121
 2.989921396241273
 2.9905330398203964
 2.9910297736836897
 2.9914039473783518
 2.9916525044394753
 2.9917776138162435
 2.9917848588347868
 2.9916817756158527
 2.9914761902609048
 2.9911742443941325
 2.9907779942972268
 2.9902833645923721
 2.9896787148185244
 2.9889436596311811
 2.9880483714955788
 2.9869533434671465
 2.9856102703956964
 2.9839625002606267
 2.9819465467132482
 2.9794937981120855
 2.9765309728398899
 2.9729823976506755
 2.9687697199542056
 2.963812478289312
 2.9580277136413544
 2.9513285393791464
 2.9436227554570493
 2.9348105738034271
 2.9247816460883764
 2.913412727011544
 2.9005638810610472
 2.8860753716265628
 2.8697643893188971
 2.8514218940154188
 2.8308097635307559
 2.8076577399537319
 2.7816611540519665
 2.752478773080326
 2.7197297912814458
 2.6829918805268531
 2.6417976786891559
 2.5956308402315313
 2.5439206385756408
 2.4860352544855293
 2.4212727443372333
 2.3488493795487972
 2.2678857319216843
 2.1773878852703601
 2.0762238964366011
 1.9630923664828939
 1.8364812115838158
 1.6946111379689233
 1.5353565409683294
 1.356135657935946
 1.1537437703118087
 0.92412294608698753
 0.66168851611407886
 0.35788849737801692
 0.064437307235259547



# name: <cell-element>
# type: matrix
# rows: 201
# columns: 1
 3
 3
 3
 3
 3
 3
 3
 3
 3
 3
 3
 3
 3
 3
 3
 3
 3
 3
 3
 3
 3
 3
 3
 3
 3
 3
 3
 3
 3
 3
 3
 3
 3
 3
 3
 3
 3
 3
 3
 3
 3
 3
 3
 3
 3
 3
 3
 3
 3
 3
 3
 3
 3
 3
 3
 3
 3
 3
 3
 3
 3
 3
 3
 3
 3
 3
 3
 3
 3
 3
 3
 3
 3
 3
 3
 3
 3
 3
 3
 3
 3
 3
 3
 3
 3
 3
 3
 3
 3
 3
 3
 3
 3
 3
 3
 3
 3
 3
 3
 3
 3
 3
 3
 3
 3
 3
 3
 3
 3
 3
 3
 3
 3
 3
 3
 3
 3
 3
 3
 3
 3
 3
 3
 3
 3
 3
 3
 3
 3
 3
 3
 3
 3
 3
 3
 3
 3
 3
 3
 3
 3
 3
 3
 3
 3
 3
 3
 3
 3
 3
 3
 3
 3
 3
 3
 3
 3
 3
 3
 3
 3
 3
 3
 3
 3
 3
 3
 3
 3
 3
 3
 3
 3
 3
 3
 3
 3
 3
 3
 3
 3
 3
 3
 3
 3
 3
 3
 3
 3
 3
 3
 3
 3
 3
 3
 3
 3
 3
 3
 3
 3



# name: <cell-element>
# type: matrix
# rows: 201
# columns: 1
 3
 3
 3
 3
 3
 3
 3
 3
 3
 3
 3
 3
 3
 3
 3
 3
 3
 3
 3
 3
 3
 3
 3
 3
 3
 3
 3
 3
 3
 3
 3
 3
 3
 3
 3
 3
 3
 3
 3
 3
 3
 3
 3
 3
 3
 3
 3
 3
 3
 3
 3
 3
 3
 3
 3
 3
 3
 3
 3
 3
 3
 3
 3
 3
 3
 3
 3
 3
 3
 3
 3
 3
 3
 3
 3
 3
 3
 3
 3
 3
 3
 3
 3
 3
 3
 3
 3
 3
 3
 3
 3
 3
 3
 3
 3
 3
 3
 3
 3
 3
 3
 3
 3
 3
 3
 3
 3
 3
 3
 3
 3
 3
 3
 3
 3
 3
 3
 3
 3
 3
 3
 3
 3
 3
 3
 3
 3
 3
 3
 3
 3
 3
 3
 3
 3
 3
 3
 3
 3
 3
 3
 3
 3
 3
 3
 3
 3
 3
 3
 3
 3
 3
 3
 3
 3
 3
 3
 3
 3
 3
 3
 3
 3
 3
 3
 3
 3
 3
 3
 3
 3
 3
 3
 3
 3
 3
 3
 3
 3
 3
 3
 3
 3
 3
 3
 3
 3
 3
 3
 3
 3
 3
 3
 3
 3
 3
 3
 3
 3
 3
 3



# name: <cell-element>
# type: matrix
# rows: 401
# columns: 1
 0.58892349912198172
 1.2018871096077226
 1.238646727788792
 1.2765528464624907
 1.3155863709475668
 1.355702413245127
 1.396833064345812
 1.438890612115431
 1.4817709290277281
 1.5253568359099658
 1.5695213166215936
 1.6141305113445987
 1.6590464534110383
 1.7041295385666198
 1.749240729156984
 1.7942435018620118
 1.8390055489921089
 1.8834002423007115
 1.9273078665527235
 1.9706166289338261
 2.0132234504180353
 2.0550345465470246
 2.0959658074554426
 2.1359429899333633
 2.1749017373309694
 2.2127874457304939
 2.2495549967198145
 2.2851683781437235
 2.3196002143626466
 2.3528312269041689
 2.3848496450984298
 2.4156505845243257
 2.4452354090329398
 2.4736110899145203
 2.5007895735609011
 2.5267871668427757
 2.5516239474363105
 2.5753232045364163
 2.5979109138070404
 2.6194152490474027
 2.6398661318924606
 2.6592948199041033
 2.6777335326306133
 2.6952151145964032
 2.7117727337119804
 2.7274396132471446
 2.7422487952678916
 2.756232933283385
 2.7694241117667024
 2.7818536901869981
 2.7935521692063441
 2.8045490767359071
 2.8163726880661719
 2.832489417506288
 2.8428643747792695
 2.8520458947740814
 2.8607116386148324
 2.8688880635268541
 2.8766005777028694
 2.8838735421827351
 2.8907302790961906
 2.8971930852694694
 2.903283250304133
 2.9090210783343777
 2.9144259127611889
 2.9195161633449893
 2.9243093351154852
 2.9288220586257108
 2.9330701211416694
 2.937068498413351
 2.9408313867254119
 2.9443722349692059
 2.9477037765192611
 2.9508380607316633
 2.9537864839139405
 2.9565598196431626
 2.9591682483330697
 2.9616213859719074
 2.963928311971229
 2.9660975960814326
 2.9681373243431439
 2.9700551240556865
 2.9718581877531585
 2.9735532961874225
 2.9751468403240189
 2.9766448423630099
 2.9780529758012628
 2.9793765845571194
 2.9806207011807255
 2.9817900641764044
 2.9828891344649309
 2.9839221110149867
 2.9848929456740532
 2.9858053572294647
 2.9866628447306161
 2.9874687001033315
 2.9882260200871311
 2.9889377175257406
 2.9896065320406011
 2.9902350401165956
 2.9908256646281663
 2.9913806838335173
 2.9919022398633701
 2.9923923467301008
 2.9928528978818951
 2.993285673325671
 2.9936923463417355
 2.9940744898116938
 2.9944335821808927
 2.9947710130748257
 2.9950880885888882
 2.9953860362693803
 2.9956660098029664
 2.9959290934309206
 2.9961763061038114
 2.9964086053911432
 2.996626891160119
 2.9968320090365865
 2.9970247536607935
 2.9972058717497716
 2.9973760649775318
 2.9975359926837117
 2.9976862744206243
 2.9978274923482204
 2.9979601934857971
 2.9980848918290639
 2.9982020703401888
 2.9983121828186849
 2.9984156556599815
 2.9985128895081692
 2.9986042608095729
 2.9986901232732688
 2.9987708092429157
 2.9988466309866002
 2.9989178819086844
 2.998984837688782
 2.9990477573518666
 2.9991068842740449
 2.9991624471274134
 2.9992146607680565
 2.99926372707028
 2.9993098357105277
 2.9993531649038565
 2.9993938820960127
 2.9994321446135155
 2.999468100274524
 2.9995018879627318
 2.9995336381664446
 2.9995634734852095
 2.9995915091055991
 2.9996178532482531
 2.9996426075878202
 2.9996658676474968
 2.9996877231695649
 2.999708258463551
 2.9997275527331926
 2.9997456803835902
 2.9997627113097183
 2.9997787111673562
 2.9997937416276588
 2.999807860616059
 2.9998211225368245
 2.9998335784837873
 2.9998452764382786
 2.9998562614549531
 2.9998665758362746
 2.9998762592962915
 2.9998853491143991
 2.9998938802795712
 2.9999018856258437
 2.999909395959282
 2.9999164401772394
 2.9999230453799957
 2.9999292369757544
 2.999935038778724
 2.9999404731012764
 2.9999455608401955
 2.9999503215574213
 2.9999547735556278
 2.9999589339490291
 2.9999628187294256
 2.9999664428280308
 2.9999698201731162
 2.9999729637438315
 2.9999758856203407
 2.9999785970304487
 2.9999811083929853
 2.9999834293580441
 2.9999855688442238
 2.9999875350730956
 2.9999893356009593
 2.9999909773479887
 2.9999924666250437
 2.9999938091579654
 2.9999950101097665
 2.9999960741005856
 2.999997005225556
 2.9999978070706201
 2.9999984827264834
 2.9999990348005809
 2.9999994654271807
 2.9999997762757573
 2.9999999685574128
 3
 3
 2.9999998393259233
 2.9999995604158354
 2.999999162226235
 2.9999986432579617
 2.9999980015506011
 2.999997234675047
 2.9999963397243947
 2.9999953133028479
 2.9999941515129214
 2.9999928499405506
 2.999991403638393
 2.9999898071069921
 2.9999880542738433
 2.9999861384702653
 2.9999840524060635
 2.999981788141703
 2.9999793370580621
 2.9999766898236664
 2.9999738363590143
 2.999970765798218
 2.99996746644756
 2.999963925740889
 2.9999601301917358
 2.9999560653418134
 2.9999517157058899
 2.9999470647127429
 2.9999420946418853
 2.9999367865559758
 2.9999311202285472
 2.9999250740668093
 2.9999186250292307
 2.9999117485376101
 2.999904418383204
 2.9998966066267467
 2.9998882834917144
 2.9998794172506242
 2.999869974103949
 2.9998599180509955
 2.9998492107523966
 2.9998378113837347
 2.9998256764795217
 2.9998127597672584
 2.9997990119905724
 2.9997843807210787
 2.9997688101580433
 2.9997522409151505
 2.9997346097935385
 2.9997158495403307
 2.9996958885914857
 2.9996746507983523
 2.9996520551364814
 2.9996280153957802
 2.9996024398514733
 2.999575230912273
 2.9995462847481345
 2.9995154908928314
 2.9994827318214141
 2.9994478825006925
 2.99941080991093
 2.9993713725369422
 2.9993294198265765
 2.9992847916146643
 2.9992373175100688
 2.9991868162434927
 2.9991330949737112
 2.9990759485492968
 2.9990151587232248
 2.9989504933172149
 2.9988817053326642
 2.9988085320047428
 2.9987306937959324
 2.9986478933252965
 2.9985598142292176
 2.9984661199492804
 2.9983664524426881
 2.9982604308101291
 2.9981476498359307
 2.9980276784348279
 2.9979000579993471
 2.9977643006415207
 2.9976198873220716
 2.9974662658599205
 2.9973028488143316
 2.9971290112315403
 2.9969440882471732
 2.9967473725352294
 2.9965381115938134
 2.9963155048570576
 2.9960787006222578
 2.9958267927802078
 2.9955588173362591
 2.9952737487085712
 2.9949704957893033
 2.994647897753639
 2.9943047196002714
 2.9939396474063229
 2.9935512832782591
 2.9931381399793149
 2.9926986352127058
 2.9922310855384628
 2.9917336999005086
 2.9912045727387513
 2.9906416766597785
 2.9900428546375797
 2.9894058117143949
 2.9887281061692073
 2.9880071401201027
 2.9872401495237937
 2.9864241935337343
 2.9855561431755619
 2.9846326692960359
 2.9836502297387026
 2.9826050556965722
 2.9814931371890148
 2.980310207606399
 2.9790517272625934
 2.9777128658915299
 2.9762884840197654
 2.9747731131429944
 2.9731609346291612
 2.9714457572665398
 2.9696209933693534
 2.9676796333481743
 2.9656142186461474
 2.963416812935884
 2.9610789714648598
 2.958591708430236
 2.9559454622558556
 2.9531300586364364
 2.950134671204927
 2.9469477796698693
 2.9435571252594839
 2.9399496632989734
 2.9361115127359789
 2.9320279024173566
 2.9276831139076851
 2.9230604206261694
 2.9181420230645103
 2.9129089798324967
 2.9073411342620341
 2.901417036282715
 2.8951138592634136
 2.8884073114947313
 2.8812715419659036
 2.8736790400673984
 2.8656005288264748
 2.8570048512575412
 2.8478588493819581
 2.838127235443153
 2.8277724548119001
 2.8167545400441214
 2.8050309555183954
 2.7925564320432978
 2.7792827907849569
 2.7651587558231383
 2.7501297545989911
 2.7341377054699096
 2.7171207915357205
 2.6990132198461532
 2.6797449650416008
 2.659241496417426
 2.6374234873363274
 2.6142065058433239
 2.5895006852630686
 2.5632103734799467
 2.5352337595164771
 2.5054624759353175
 2.4737811754940839
 2.4400670803795164
 2.4041895022385047
 2.3660093311068957
 2.3253784912132254
 2.282139361502181
 2.2361241585818878
 2.1871542796490999
 2.1350396027865477
 2.0795777418566841
 2.0205532530353967
 1.9577367898382101
 1.8908842032914948
 1.8197355836974041
 1.74401424024725
 1.6634256145899382
 1.5776561244517606
 1.4863719337641899
 1.3892176470743545
 1.2858149297682735
 1.1757610655532775
 1.0586274880950122
 0.93395838826734656
 0.8012696614851984
 0.66004887034366966
 0.50975793191641416
 0.34984284169834778
 0.17976129532304475
 0.031167918820835198



# name: <cell-element>
# type: matrix
# rows: 401
# columns: 1
 0.68912828948807603
 1.3656287947400554
 1.3635742682994618
 1.3735085741467987
 1.388752895566697
 1.4081565429335052
 1.4314266954589963
 1.4584150504917182
 1.4889300190828372
 1.5226998065530319
 1.5593994928487958
 1.5986775743059092
 1.6401682883361355
 1.6834972717064065
 1.7282865604586066
 1.7741615858359969
 1.8207594208058813
 1.8677370574712013
 1.9147779719676274
 1.9615953218723972
 2.0079338463454146
 2.0535691865248196
 2.0983058842619053
 2.1419761609890773
 2.1844379770070721
 2.2255743277798481
 2.2652917357205009
 2.3035211093845529
 2.3402160447184746
 2.3753522962382458
 2.408925922303089
 2.4409510553243763
 2.4714568499692144
 2.5004844287205796
 2.5280834092732625
 2.5543081235344292
 2.5792157062028753
 2.6028625971321682
 2.6253035197608106
 2.6465902734623308
 2.6667706876794686
 2.68588931884246
 2.7039870481716357
 2.7211019646699075
 2.7372700836622945
 2.7525255140625271
 2.7669013385409023
 2.7804301096416055
 2.7931437658450378
 2.8050740777536598
 2.8162527999276121
 2.8267112147617426
 2.8379824411667789
 2.8535404414093755
 2.8633371664255587
 2.8719308040786569
 2.8800038124950404
 2.8875862923368025
 2.8947071832934719
 2.901394025679108
 2.9076730760114406
 2.9135692286247741
 2.9191059173164988
 2.924305367113107
 2.9291883238405263
 2.9337743181690428
 2.9380816703626742
 2.9421275389376889
 2.9459279558651565
 2.9494979192473543
 2.9528516025382041
 2.9560018931008654
 2.9589612687145785
 2.9617410912515485
 2.9643520577140094
 2.966804257211523
 2.969107018189594
 2.9712691131276268
 2.9732987815026859
 2.975203750175007
 2.9769911341092627
 2.9786677879247532
 2.9802400381851468
 2.981713910157159
 2.9830949169785725
 2.984388406984253
 2.9855993060694637
 2.9867323395964576
 2.9877918857844987
 2.988782046641735
 2.9897068043328701
 2.9905697527587467
 2.9913743684757748
 2.9921239210835937
 2.9928214593522662
 2.9934697889709727
 2.9940717404655284
 2.9946298151119741
 2.9951463915740604
 2.9956237855698009
 2.9960641192053306
 2.9964694519598285
 2.9968417207316826
 2.9971827486973668
 2.9974943350739927
 2.99777809453296
 2.9980356906388583
 2.9982686922102908
 2.9984785791925166
 2.9986668406904116
 2.9988349199427087
 2.9989841741456207
 2.9991160551372333
 2.9992317279302325
 2.9993326769145265
 2.9994201588590341
 2.9994953768864021
 2.9995596614258662
 2.9996141331063226
 2.9996598935977756
 2.9996980727907019
 2.9997293957394451
 2.9997546446469774
 2.9997743305037274
 2.9997889187339215
 2.9997988445522981
 2.9998053929362003
 2.9998128793949359
 2.9998385167060828
 2.9999409964233972
 2.9999233712583164
 2.9997929457616297
 2.9995455646676095
 2.9999936929634421
 2.9996939234135254
 2.999772869686594
 2.999998989824741
 2.9999263227348978
 2.9998716985249403
 2.9998571631221718
 2.9998577009608032
 2.9998637946897846
 2.999871835353304
 2.9998805032117386
 2.9998894355422716
 2.999898607980624
 2.99990841452566
 2.9999193426464958
 2.9999327809927512
 2.9999539659142074
 2.9999999265422028
 2.9999866309379919
 2.9995768308516872
 3
 2.9999980983508774
 2.9999986651767685
 2.9999905132285849
 2.999989839022108
 2.9999998780722681
 3
 2.9999794841272234
 2.99997591872877
 2.9998856249118817
 2.9999677456590188
 3
 2.9999950586177722
 2.9999995918275495
 2.999981609149053
 2.9999717549836671
 2.9999632314305114
 2.9999540304959464
 2.999943626999106
 2.9999315852748634
 2.9999176999821526
 2.999901803256479
 2.9998837926796331
 2.9998635438446164
 2.9998410390256658
 2.9998162467350711
 2.9997892478790513
 2.999760066170809
 2.9997288953999135
 2.9996959098058862
 2.999661362736826
 2.9996257032562683
 2.9995893128762976
 2.9995527408041349
 2.9995167766329627
 2.9994820878848723
 2.9994496644666486
 2.9994205132613372
 2.9993957656322325
 2.9993767367146265
 2.9993650309339301
 2.9993627650412327
 2.9993732878817787
 2.9994023599847792
 2.9994622909552628
 2.9995870079629556
 2.9998766025876029
 2.999840535641273
 2.9999999604126666
 2.9994659300490101
 2.9841123432832046
 2.9777128016683703
 2.9988334669352255
 2.9999157316779437
 2.9991724608582269
 2.9987292009542892
 2.9984096386318884
 2.9981503307803719
 2.9979270654806016
 2.9977288821699624
 2.9975503270308472
 2.9973884930498675
 2.9972416292750812
 2.9971083607197548
 2.9969876105611126
 2.9968782827095839
 2.9967793894171084
 2.9966900119175457
 2.9966094097699898
 2.9965368537495487
 2.9964717769915015
 2.9964136835912587
 2.9963620877227757
 2.9963166242157357
 2.9962769157323632
 2.9962426361276218
 2.9962134632420971
 2.9961890691138695
 2.9961691428396482
 2.9961533899517097
 2.9961414367556332
 2.9961330002531406
 2.996127728672592
 2.9961252831313256
 2.996125354402035
 2.9961275692565881
 2.9961316104866231
 2.9961371438883262
 2.9961438360878132
 2.9961513911567828
 2.9961594940860521
 2.9961678171325405
 2.9961761121083179
 2.9961840880439583
 2.9961914939849406
 2.9961981086122895
 2.9962036600447521
 2.9962079973837947
 2.9962109033822273
 2.9962122001888161
 2.9962117405788531
 2.9962093637776519
 2.9962049816767342
 2.9961984255811194
 2.9961896200179621
 2.9961784538254093
 2.9961648618902244
 2.9961487214946096
 2.9961299598681905
 2.9961085035939301
 2.9960842702300865
 2.9960571796111912
 2.996027108846163
 2.9959939887168421
 2.9959576940111008
 2.9959181418206624
 2.9958751413019629
 2.9958286073930331
 2.9957783518577519
 2.9957242132665272
 2.9956659845449018
 2.9956034775832285
 2.9955364567569918
 2.9954646737234274
 2.9953878844059201
 2.9953058047999828
 2.9952181018840398
 2.9951244793360612
 2.9950245880505095
 2.9949180715881485
 2.9948045176447073
 2.9946835121246274
 2.9945546044619031
 2.9944173113602206
 2.99427114050888
 2.994115531584534
 2.9939499205688924
 2.9937736560790373
 2.9935860945937693
 2.9933864937284782
 2.9931740747782136
 2.9929480080522128
 2.9927073809696778
 2.9924512428744681
 2.9921785293410994
 2.9918880912886689
 2.99157872887052
 2.991249123253231
 2.9908978326274962
 2.9905233739882395
 2.9901240381962655
 2.9896981051322289
 2.9892436540675447
 2.9887586485860007
 2.9882409186111292
 2.9876880880184271
 2.9870976835205205
 2.98646703732611
 2.9857932758867345
 2.9850733839495445
 2.984304098411823
 2.9834819786179714
 2.9826033789676809
 2.9816643750451708
 2.9806608384462976
 2.9795883841485113
 2.978442352883083
 2.9772177834915134
 2.9759094339854228
 2.9745117590177723
 2.9730188467020073
 2.9714244887750154
 2.969722013344867
 2.9679044513040429
 2.9659643386418004
 2.9638938110939397
 2.9616844974430037
 2.9593275485146981
 2.9568135793321377
 2.9541326209385947
 2.9512741154581188
 2.9482268592367515
 2.94497898629088
 2.9415178557552646
 2.9378301084804996
 2.9339015367644254
 2.9297170627961608
 2.925260711613435
 2.9205154674786074
 2.915463312428912
 2.9100850949254569
 2.9043604825541949
 2.898267886098139
 2.8917843478806651
 2.8848855281538257
 2.8775455350243311
 2.8697368905857381
 2.8614303803305932
 2.8525949726063091
 2.8431977113716704
 2.8332035587511353
 2.8225752900569687
 2.8112733459604753
 2.7992556900131196
 2.786477641690372
 2.7728916982798419
 2.75844739609416
 2.7430910634512249
 2.7267656810252037
 2.7094105895195639
 2.6909613355237494
 2.6713493829392458
 2.6505018691784143
 2.6283413179173554
 2.6047853535133179
 2.5797463987265408
 2.5531313359298324
 2.5248411390261998
 2.4947705172129457
 2.4628075183392717
 2.4288330939562726
 2.3927206559332932
 2.3543355823511325
 2.3135347171703899
 2.2701658048093334
 2.2240669053789071
 2.1750657663046207
 2.1229791141349996
 2.0676119138620215
 2.0087565506204692
 1.9461919351403154
 1.8796824646092969
 1.8089769380966636
 1.7338072303481156
 1.6538868093624008
 1.5689089838425994
 1.478544780077508
 1.3824403391287121
 1.2802136420319914
 1.1714502839428689
 1.0556979510230875
 0.93245908497687513
 0.80118141345920491
 0.66124608595527856
 0.51195292500601675
 0.35250013408550906
 0.18191667352806121
 0.031686162923383103



# name: <cell-element>
# type: matrix
# rows: 401
# columns: 1
 3
 3
 3
 3
 3
 3
 3
 3
 3
 3
 3
 3
 3
 3
 3
 3
 3
 3
 3
 3
 3
 3
 3
 3
 3
 3
 3
 3
 3
 3
 3
 3
 3
 3
 3
 3
 3
 3
 3
 3
 3
 3
 3
 3
 3
 3
 3
 3
 3
 3
 3
 3
 3
 3
 3
 3
 3
 3
 3
 3
 3
 3
 3
 3
 3
 3
 3
 3
 3
 3
 3
 3
 3
 3
 3
 3
 3
 3
 3
 3
 3
 3
 3
 3
 3
 3
 3
 3
 3
 3
 3
 3
 3
 3
 3
 3
 3
 3
 3
 3
 3
 3
 3
 3
 3
 3
 3
 3
 3
 3
 3
 3
 3
 3
 3
 3
 3
 3
 3
 3
 3
 3
 3
 3
 3
 3
 3
 3
 3
 3
 3
 3
 3
 3
 3
 3
 3
 3
 3
 3
 3
 3
 3
 3
 3
 3
 3
 3
 3
 3
 3
 3
 3
 3
 3
 3
 3
 3
 3
 3
 3
 3
 3
 3
 3
 3
 3
 3
 3
 3
 3
 3
 3
 3
 3
 3
 3
 3
 3
 3
 3
 3
 3
 3
 3
 3
 3
 3
 3
 3
 3
 3
 3
 3
 3
 3
 3
 3
 3
 3
 3
 3
 3
 3
 3
 3
 3
 3
 3
 3
 3
 3
 3
 3
 3
 3
 3
 3
 3
 3
 3
 3
 3
 3
 3
 3
 3
 3
 3
 3
 3
 3
 3
 3
 3
 3
 3
 3
 3
 3
 3
 3
 3
 3
 3
 3
 3
 3
 3
 3
 3
 3
 3
 3
 3
 3
 3
 3
 3
 3
 3
 3
 3
 3
 3
 3
 3
 3
 3
 3
 3
 3
 3
 3
 3
 3
 3
 3
 3
 3
 3
 3
 3
 3
 3
 3
 3
 3
 3
 3
 3
 3
 3
 3
 3
 3
 3
 3
 3
 3
 3
 3
 3
 3
 3
 3
 3
 3
 3
 3
 3
 3
 3
 3
 3
 3
 3
 3
 3
 3
 3
 3
 3
 3
 3
 3
 3
 3
 3
 3
 3
 3
 3
 3
 3
 3
 3
 3
 3
 3
 3
 3
 3
 3
 3
 3
 3
 3
 3
 3
 3
 3
 3
 3
 3
 3
 3
 3
 3
 3
 3
 3
 3
 3
 3
 3
 3
 3
 3
 3
 3
 3
 3
 3
 3
 3
 3
 3
 3
 3
 3
 3
 3
 3
 3
 3
 3
 3
 3
 3
 3
 3
 3
 3
 3
 3
 3
 3
 3
 3
 3



# name: <cell-element>
# type: matrix
# rows: 401
# columns: 1
 3
 3
 3
 3
 3
 3
 3
 3
 3
 3
 3
 3
 3
 3
 3
 3
 3
 3
 3
 3
 3
 3
 3
 3
 3
 3
 3
 3
 3
 3
 3
 3
 3
 3
 3
 3
 3
 3
 3
 3
 3
 3
 3
 3
 3
 3
 3
 3
 3
 3
 3
 3
 3
 3
 3
 3
 3
 3
 3
 3
 3
 3
 3
 3
 3
 3
 3
 3
 3
 3
 3
 3
 3
 3
 3
 3
 3
 3
 3
 3
 3
 3
 3
 3
 3
 3
 3
 3
 3
 3
 3
 3
 3
 3
 3
 3
 3
 3
 3
 3
 3
 3
 3
 3
 3
 3
 3
 3
 3
 3
 3
 3
 3
 3
 3
 3
 3
 3
 3
 3
 3
 3
 3
 3
 3
 3
 3
 3
 3
 3
 3
 3
 3
 3
 3
 3
 3
 3
 3
 3
 3
 3
 3
 3
 3
 3
 3
 3
 3
 3
 3
 3
 3
 3
 3
 3
 3
 3
 3
 3
 3
 3
 3
 3
 3
 3
 3
 3
 3
 3
 3
 3
 3
 3
 3
 3
 3
 3
 3
 3
 3
 3
 3
 3
 3
 3
 3
 3
 3
 3
 3
 3
 3
 3
 3
 3
 3
 3
 3
 3
 3
 3
 3
 3
 3
 3
 3
 3
 3
 3
 3
 3
 3
 3
 3
 3
 3
 3
 3
 3
 3
 3
 3
 3
 3
 3
 3
 3
 3
 3
 3
 3
 3
 3
 3
 3
 3
 3
 3
 3
 3
 3
 3
 3
 3
 3
 3
 3
 3
 3
 3
 3
 3
 3
 3
 3
 3
 3
 3
 3
 3
 3
 3
 3
 3
 3
 3
 3
 3
 3
 3
 3
 3
 3
 3
 3
 3
 3
 3
 3
 3
 3
 3
 3
 3
 3
 3
 3
 3
 3
 3
 3
 3
 3
 3
 3
 3
 3
 3
 3
 3
 3
 3
 3
 3
 3
 3
 3
 3
 3
 3
 3
 3
 3
 3
 3
 3
 3
 3
 3
 3
 3
 3
 3
 3
 3
 3
 3
 3
 3
 3
 3
 3
 3
 3
 3
 3
 3
 3
 3
 3
 3
 3
 3
 3
 3
 3
 3
 3
 3
 3
 3
 3
 3
 3
 3
 3
 3
 3
 3
 3
 3
 3
 3
 3
 3
 3
 3
 3
 3
 3
 3
 3
 3
 3
 3
 3
 3
 3
 3
 3
 3
 3
 3
 3
 3
 3
 3
 3
 3
 3
 3
 3
 3
 3
 3
 3
 3
 3
 3
 3



# name: <cell-element>
# type: matrix
# rows: 301
# columns: 1
 0.29446175505074829
 0.60094356665071391
 0.61932337709925178
 0.63827643785337529
 0.65779320156920751
 0.67785122424366318
 0.69841655136767222
 0.7194453268690405
 0.74088548697890666
 0.76267844210463021
 0.78476068416923939
 0.80706528325672777
 0.82952325602594656
 0.85206480034252119
 0.87462039737211383
 0.8971217854476905
 0.91950281071776674
 0.94170015905275006
 0.96365397282923448
 0.98530835563471519
 1.0066117679514119
 1.0275173175459591
 1.0479829494820785
 1.0679715421518041
 1.0874509172278137
 1.1063937727493753
 1.1247775495091152
 1.1425842414286143
 1.1598001606877273
 1.1764156680502986
 1.1924248781818143
 1.2078253488724549
 1.2226177620487655
 1.2368056033570995
 1.2503948459947885
 1.2633936433987363
 1.2758120344086945
 1.287661663623862
 1.2989555188780038
 1.3097076870725419
 1.3199331290267682
 1.3296474735234187
 1.3388668303383906
 1.3476076217355957
 1.355886431671933
 1.3637198717838757
 1.371124463105919
 1.3781165323940585
 1.3847121218861598
 1.3909269113180385
 1.3967761510218775
 1.4022746049543147
 1.408186410779666
 1.4162447756949232
 1.4214322544409879
 1.4260230145176858
 1.4303558864955974
 1.4344440989879756
 1.4383003560916841
 1.4419368383270716
 1.4453652067593468
 1.4485966098018856
 1.4516416922556534
 1.4545106061878554
 1.457213023299019
 1.4597581484693181
 1.4621547342134955
 1.4644110958078893
 1.4665351268852516
 1.468534315320259
 1.4704157592548515
 1.4721861831342509
 1.4738519536451946
 1.4754190954651309
 1.4768933067471599
 1.4782799742790793
 1.4795841882669518
 1.4808107567040187
 1.4819642192951001
 1.4830488609143619
 1.4840687245810045
 1.4850276239434961
 1.4859291552676075
 1.4867767089279051
 1.4875734804057039
 1.4883224807994841
 1.4890265468560313
 1.4896883505327621
 1.4903104081028866
 1.4908950888165855
 1.491444623132141
 1.4919611105316493
 1.4924465269364569
 1.4929027317376651
 1.4933314744572113
 1.4937344010550155
 1.4941130598975649
 1.4944689074030986
 1.4948033133782588
 1.495117566061986
 2.2432580694950692
 2.9918944615973513
 2.9928460337099039
 2.9936862903107029
 2.9944282404240585
 2.995083377999058
 2.9956618568398214
 2.9961726457213396
 2.9966236658460499
 2.9970219125790001
 2.9973735632039782
 2.9976840722637323
 2.9979582558828883
 2.998200366321861
 2.9984141578754429
 2.998602945105969
 2.9987696542930409
 2.9989168688815435
 2.9990468696211803
 2.9991616700140367
 2.9992630476144022
 2.9993525716637062
 2.9994316274875894
 2.9995014380325795
 2.9995630828767785
 2.9996175150092275
 2.9996655756391015
 2.9997080072649172
 2.9997454652073512
 2.999778527785057
 2.9998077052922754
 2.9998334479179491
 2.9998561527299152
 2.9998761698329108
 2.9998938077964952
 2.9999093384374556
 2.9999230010311355
 2.9999350060175187
 2.9999455382595892
 2.9999547599048788
 2.9999628128946334
 2.9999698211598287
 2.9999758925380569
 2.9999811204412685
 2.9999855853002022
 2.999989355808057
 2.9999924899827097
 2.9999950360640733
 2.9999970332605379
 2.9999985123560955
 2.9999994961876468
 3
 3
 2.9999995919014819
 2.9999986740998597
 2.9999972644149722
 2.9999953414626397
 2.9999928760146326
 2.9999898305544885
 2.9999861587065504
 2.9999818045292646
 2.9999767016622774
 2.9999707723139402
 2.999963926074126
 2.9999560585339191
 2.9999470496912357
 2.9999367621178785
 2.9999250388600576
 2.9999117010401424
 2.9998965451230331
 2.9998793398051138
 2.9998598224783422
 2.9998376952150045
 2.999812620211959
 2.9997842146241189
 2.9997520447082273
 2.999715619187044
 2.9996743817320124
 2.9996277024491986
 2.9995748682380241
 2.9995150718736321
 2.9994473996473436
 2.9993708173731783
 2.9992841545467863
 2.9991860864127657
 2.9990751136649552
 2.9989495394673678
 2.9988074434424408
 2.9986466522262578
 2.9984647061378005
 2.9982588214487476
 2.9980258476731678
 2.997762219218858
 2.9974639006554171
 2.9971263247554991
 2.9967443223535719
 2.9963120429405947
 2.9958228647692198
 2.9952692930821838
 2.9946428448909148
 2.2455460739038058
 1.4967756891644757
 1.4965691180093652
 1.4963493661157943
 1.4961155917658755
 1.4958668994335196
 1.4956023363402831
 1.4953208887907345
 1.4950214782728408
 1.4947029573084196
 1.494364105037417
 1.4940036225191136
 1.4936201277319141
 1.4932121502524287
 1.4927781255932155
 1.4923163891772715
 1.4918251699258827
 1.4913025834349785
 1.4907466247135954
 1.4901551604562111
 1.4895259208190061
 1.4888564906681592
 1.488144300266137
 1.4873866153599606
 1.4865805266327716
 1.4857229384778776
 1.4848105570515713
 1.4838398775583346
 1.4828071707189556
 1.4817084683689807
 1.4805395481314161
 1.4792959171041398
 1.4779727944984036
 1.4765650931609282
 1.4750673999075816
 1.4734739545920599
 1.4717786278279277
 1.4699748972772693
 1.4680558224134124
 1.4660140176593139
 1.4638416237968104
 1.4615302775350647
 1.4590710791194967
 1.4564545578545762
 1.4536706354058295
 1.4507085867376197
 1.4475569985339398
 1.4442037249396285
 1.4406358404488169
 1.4368395897562227
 1.4328003343749205
 1.4285024958115167
 1.4239294950760422
 1.419063688289502
 1.4138862981365088
 1.4083773408941731
 1.4025155487508518
 1.3962782871098065
 1.3896414665529748
 1.3825794491190004
 1.3750649485270974
 1.367068923954468
 1.3585604669493869
 1.3495066810349201
 1.3398725535292964
 1.3296208190780423
 1.3187118143601513
 1.3071033233955585
 1.2947504128437815
 1.281605256643948
 1.2676169493039786
 1.2527313071015636
 1.2368906564115536
 1.220033608323013
 1.2020948186547074
 1.1830047324194781
 1.1626893117260761
 1.1410697460408608
 1.1180621436614075
 1.0935772031790651
 1.0675198636275933
 1.0397889319299927
 1.0102766861653205
 0.97886845308174986
 0.94544215818213351
 0.90986784660643194
 0.87200717293836716
 0.83171285798961059
 0.78882811060966129
 0.74318601274973906
 0.69460886666804134
 0.64290750504140959
 0.58788056970663327
 0.52931377747910757
 0.46697922377803058
 0.40063485629318263
 0.33002445630504562
 0.25487898233481454
 0.17492143211703121
 0.089880653460343421
 0.015583960416417337



# name: <cell-element>
# type: matrix
# rows: 301
# columns: 1
 0.29461514728396654
 0.60118298955621086
 0.61947437366812019
 0.63835725887659778
 0.65781979210929409
 0.67783726342062034
 0.6983736768048322
 0.71938332041572695
 0.74081243157342558
 0.76260085719678805
 0.7846836549459677
 0.80699259582201821
 0.82945754363714219
 0.85200770970952866
 0.87457275792010492
 0.89708378704933966
 0.91947416766516687
 0.94168025627948437
 0.96364198511836086
 0.98530333675299564
 1.0066127129575946
 1.027523200810645
 1.0479927486792051
 1.0679842490470479
 1.0874655513265712
 1.1064093903036492
 1.1247932582758973
 1.1425992167516215
 1.1598136597453019
 1.1764270434326092
 1.1924335902772953
 1.207830971433953
 1.2226199828112898
 1.2368042237339276
 1.2503897741683845
 1.2633848887035382
 1.2757996982683928
 1.2876459316568718
 1.2989366542146905
 1.3096860210766395
 1.3199090544338419
 1.3296214367650663
 1.3388393219171062
 1.3475791676798952
 1.3558575812178062
 1.3636911861364029
 1.3710965033235207
 1.3780898448871144
 1.3846872278395754
 1.3909042935501696
 1.3967562446057757
 1.4022577924318413
 1.4081729959915701
 1.4162349480007803
 1.4214262311582011
 1.4260208887734274
 1.430357681803575
 1.434449784991467
 1.4383098544231996
 1.4419500300295915
 1.4453819423506098
 1.4486167204474958
 1.4516649970540245
 1.454536923117155
 1.4572421771465123
 1.4597899777511179
 1.4621890963407957
 1.4644478726859607
 1.4665742250151972
 1.4685756684038525
 1.4704593258692309
 1.4722319460048239
 1.4738999156589165
 1.4754692739614461
 1.4769457303371141
 1.4783346763911203
 1.479641200334499
 1.4808701028907243
 1.4820259103206916
 1.4831128880718192
 1.4841350556328903
 1.4850961973228838
 1.4859998780765589
 1.4868494541074506
 1.4876480850179796
 1.4883987461521413
 1.4891042406834529
 1.4897672090012075
 1.4903901412492571
 1.4909753863511492
 1.4915251599431398
 1.4920415545126904
 1.4925265443926254
 1.4929819885505173
 1.4934096301302033
 1.493811090708969
 1.4941878529799251
 1.494541226022845
 1.4948722819367657
 1.4951817753788592
 2.2433419869815747
 2.9919884146601423
 2.9929253397117486
 2.9937546476030428
 2.9944872867136105
 2.9951347776026394
 2.9957073522525111
 2.9962138649142145
 2.9966619981000093
 2.9970584597120675
 2.9974091415108211
 2.9977192378391231
 2.9979933393613036
 2.9982355106512557
 2.9984493543337205
 2.9986380663101437
 2.9988044839243853
 2.998951127828922
 2.9990802384357265
 2.9991938084790766
 2.9992936101416641
 2.999381221093838
 2.9994580460734297
 2.9995253347679962
 2.9995842010383815
 2.9996356357535667
 2.9996805218277225
 2.9997196440292155
 2.9997537008726964
 2.9997833124940696
 2.9998090297670368
 2.9998313415536919
 2.9998506805107739
 2.9998674301060779
 2.9998819302116986
 2.9998944824858129
 2.9999053565410878
 2.9999147951821348
 2.9999230221316044
 2.9999302475389413
 2.9999366794202893
 2.9999425348872464
 2.9999480608728497
 2.9999535703799749
 2.9999595148153517
 2.9999666351554675
 2.9999762880458691
 2.9999910646474701
 2.999991639094632
 2.9999833146358115
 2.9999364927816483
 2.9999251120939023
 2.9999445899623352
 2.9999041466060601
 2.9999843278276765
 2.9999883543999561
 2.9999999608600971
 2.9999979716464709
 2.9999923824243142
 2.9999884369220164
 2.9999870609288135
 2.9999871906646747
 2.99998825708203
 2.9999899473454761
 2.9999921011524848
 2.9999946941362654
 2.9999978862321037
 2.9999984811206395
 2.999999269837661
 3
 2.9999999957454526
 2.9999999757665843
 2.9999999945166946
 3
 2.9999938502379839
 2.9999854519153919
 2.9999739063471753
 2.9999583164845025
 2.9999377303484662
 2.999911089871206
 2.9998771969518132
 2.9998346883341003
 2.9997820148284569
 2.9997174225293235
 2.9996389348101546
 2.999544336337828
 2.9994311553423723
 2.9992966470865627
 2.9991377782866144
 2.9989512084944439
 2.9987332711263432
 2.9984799500162609
 2.9981868460827594
 2.997849129381339
 2.9974614623535993
 2.9970178549678699
 2.996511376731394
 2.995933514539495
 2.9952727011194034
 2.994511644966694
 2.2453455429927414
 1.4965838410353185
 1.4963371982346434
 1.4960821867734371
 1.4958178534621234
 1.4955432556304176
 1.4952574610283018
 1.4949594980035972
 1.494648314915707
 1.494322748552652
 1.4939815011844131
 1.4936231256378771
 1.4932460161492196
 1.4928484043933066
 1.4924283601349306
 1.4919837942693726
 1.4915124652171827
 1.4910119864064002
 1.4904798335072587
 1.4899133535978195
 1.4893097706205438
 1.4886661911025749
 1.4879796066829394
 1.4872468937662426
 1.486464810097387
 1.4856299873276813
 1.4847389209841675
 1.4837879556912497
 1.4827732683421433
 1.4816908483200177
 1.4805364746153395
 1.4793056917047427
 1.4779937845543865
 1.4765957518450568
 1.4751062791077862
 1.473519711849139
 1.4718300275877103
 1.4700308095024852
 1.4681152178618524
 1.4660759624243671
 1.4639052727208572
 1.461594868588916
 1.4591359279169507
 1.4565190527007148
 1.4537342336087729
 1.4507708112448621
 1.4476174342170056
 1.4442620162443156
 1.4406916872878428
 1.4368927442008417
 1.4328505964553364
 1.428549709438518
 1.4239735431573337
 1.4191044884291664
 1.4139237986330595
 1.4084115165374695
 1.4025463986360789
 1.3963058314243542
 1.3896657458320347
 1.3826005236066841
 1.3750828978208516
 1.3670838475415446
 1.3585724839758728
 1.3495159310445204
 1.33987919540832
 1.3296250298967538
 1.3187137866227079
 1.3071032614140534
 1.2947485276315025
 1.2816017592714091
 1.2676120439641354
 1.2527251827630332
 1.2368834780366487
 1.2200255087214444
 1.2020858904840253
 1.1829950215939045
 1.1626788122512186
 1.1410583974282926
 1.1180498311595641
 1.093563761161531
 1.067505082554921
 1.0397725695445448
 1.0102584821105567
 0.97884814750044624
 0.94541951448576766
 0.90984267696896159
 0.87197936681138777
 0.83168241321825653
 0.78879516677463979
 0.74315088650204419
 0.69457208965108308
 0.64286986379790589
 0.58784314621768707
 0.52927798416587846
 0.46694681759231155
 0.40060789631106647
 0.33000512874687149
 0.25486912624099506
 0.17492137257406654
 0.08988638007868735
 0.015586072610478674



# name: <cell-element>
# type: matrix
# rows: 301
# columns: 1
 3
 3
 3
 3
 3
 3
 3
 3
 3
 3
 3
 3
 3
 3
 3
 3
 3
 3
 3
 3
 3
 3
 3
 3
 3
 3
 3
 3
 3
 3
 3
 3
 3
 3
 3
 3
 3
 3
 3
 3
 3
 3
 3
 3
 3
 3
 3
 3
 3
 3
 3
 3
 3
 3
 3
 3
 3
 3
 3
 3
 3
 3
 3
 3
 3
 3
 3
 3
 3
 3
 3
 3
 3
 3
 3
 3
 3
 3
 3
 3
 3
 3
 3
 3
 3
 3
 3
 3
 3
 3
 3
 3
 3
 3
 3
 3
 3
 3
 3
 3
 3
 3
 3
 3
 3
 3
 3
 3
 3
 3
 3
 3
 3
 3
 3
 3
 3
 3
 3
 3
 3
 3
 3
 3
 3
 3
 3
 3
 3
 3
 3
 3
 3
 3
 3
 3
 3
 3
 3
 3
 3
 3
 3
 3
 3
 3
 3
 3
 3
 3
 3
 3
 3
 3
 3
 3
 3
 3
 3
 3
 3
 3
 3
 3
 3
 3
 3
 3
 3
 3
 3
 3
 3
 3
 3
 3
 3
 3
 3
 3
 3
 3
 3
 3
 3
 3
 3
 3
 3
 3
 3
 3
 3
 3
 3
 3
 3
 3
 3
 3
 3
 3
 3
 3
 3
 3
 3
 3
 3
 3
 3
 3
 3
 3
 3
 3
 3
 3
 3
 3
 3
 3
 3
 3
 3
 3
 3
 3
 3
 3
 3
 3
 3
 3
 3
 3
 3
 3
 3
 3
 3
 3
 3
 3
 3
 3
 3
 3
 3
 3
 3
 3
 3
 3
 3
 3
 3
 3
 3
 3
 3
 3
 3
 3
 3
 3
 3
 3
 3
 3
 3
 3
 3
 3
 3
 3
 3
 3
 3
 3
 3
 3
 3
 3
 3
 3
 3
 3
 3
 3
 3
 3
 3
 3
 3
 3
 3
 3
 3
 3
 3



# name: <cell-element>
# type: matrix
# rows: 301
# columns: 1
 3
 3
 3
 3
 3
 3
 3
 3
 3
 3
 3
 3
 3
 3
 3
 3
 3
 3
 3
 3
 3
 3
 3
 3
 3
 3
 3
 3
 3
 3
 3
 3
 3
 3
 3
 3
 3
 3
 3
 3
 3
 3
 3
 3
 3
 3
 3
 3
 3
 3
 3
 3
 3
 3
 3
 3
 3
 3
 3
 3
 3
 3
 3
 3
 3
 3
 3
 3
 3
 3
 3
 3
 3
 3
 3
 3
 3
 3
 3
 3
 3
 3
 3
 3
 3
 3
 3
 3
 3
 3
 3
 3
 3
 3
 3
 3
 3
 3
 3
 3
 3
 3
 3
 3
 3
 3
 3
 3
 3
 3
 3
 3
 3
 3
 3
 3
 3
 3
 3
 3
 3
 3
 3
 3
 3
 3
 3
 3
 3
 3
 3
 3
 3
 3
 3
 3
 3
 3
 3
 3
 3
 3
 3
 3
 3
 3
 3
 3
 3
 3
 3
 3
 3
 3
 3
 3
 3
 3
 3
 3
 3
 3
 3
 3
 3
 3
 3
 3
 3
 3
 3
 3
 3
 3
 3
 3
 3
 3
 3
 3
 3
 3
 3
 3
 3
 3
 3
 3
 3
 3
 3
 3
 3
 3
 3
 3
 3
 3
 3
 3
 3
 3
 3
 3
 3
 3
 3
 3
 3
 3
 3
 3
 3
 3
 3
 3
 3
 3
 3
 3
 3
 3
 3
 3
 3
 3
 3
 3
 3
 3
 3
 3
 3
 3
 3
 3
 3
 3
 3
 3
 3
 3
 3
 3
 3
 3
 3
 3
 3
 3
 3
 3
 3
 3
 3
 3
 3
 3
 3
 3
 3
 3
 3
 3
 3
 3
 3
 3
 3
 3
 3
 3
 3
 3
 3
 3
 3
 3
 3
 3
 3
 3
 3
 3
 3
 3
 3
 3
 3
 3
 3
 3
 3
 3
 3
 3
 3
 3
 3
 3
 3





