# Created by Octave 5.2.0, Fri Sep 04 06:48:48 2020 CEST <tkanas@tkanas>
# name: solutions
# type: cell
# rows: 1
# columns: 8
# name: <cell-element>
# type: matrix
# rows: 401
# columns: 1
 0.46551091623843188
 0.50888888640097285
 0.46258815057849895
 0.49283976836358639
 0.49681886570934158
 0.50038319877379112
 0.50352636350164748
 0.50624538772323535
 0.50853920924408147
 0.53246608259472861
 0.51198071943023138
 0.51303681296064785
 0.51370380534005833
 0.51399913226432559
 0.51394151889264028
 0.51355172176449149
 0.51285209351683148
 0.51186614775138362
 0.51061813971175551
 0.50913267451233235
 0.50743435108956436
 0.50554744700725207
 0.50349564670015345
 0.5013018137192683
 0.49898780595885778
 0.49657433167497278
 0.4940808432692555
 0.49152546524815965
 0.48892495243492334
 0.48629467433158896
 0.48364862146836701
 0.48099942956762587
 0.47835841731070416
 0.47573563336621644
 0.47313990795023581
 0.47057890338517527
 0.46806073680052246
 0.45599802851794097
 0.46327448800194065
 0.46085050917105491
 0.45848738681084317
 0.4561863957042821
 0.45394962247132598
 0.45177855072652384
 0.44967414551602719
 0.44763692474861555
 0.44566702089342031
 0.44376423502708007
 0.44192808460021654
 0.44015784585195589
 0.43845259153539184
 0.43681122445872683
 0.43523250725085361
 0.43371508869720815
 0.43225752695788816
 0.43085830994984919
 0.42951587315468043
 0.42822861509706006
 0.42699491072339557
 0.42581312289331208
 0.42468161218178752
 0.42359874517809681
 0.42256290145078745
 0.42157247933193837
 0.42062590066727623
 0.41972161465940777
 0.41885810092031023
 0.41803387184217289
 0.41724747437873533
 0.41649749132349229
 0.41578254215927274
 0.41510128354767334
 0.41445240951646062
 0.41383465139581704
 0.41324677755163802
 0.41268759295260593
 0.41215593860769334
 0.41165069089973844
 0.41117076084501958
 0.41071509329615652
 0.41028266610829045
 0.40987248928288345
 0.4094836041009885
 0.40911508225715187
 0.40876602500060955
 0.40843556229135553
 0.40812285197405174
 0.40782707897649645
 0.40754745453107499
 0.40728321542364643
 0.40703362326976872
 0.40679796381891958
 0.40657554628450587
 0.40636570270268241
 0.4061677873143863
 0.40598117597347244
 0.40580526557796148
 0.40563947352104973
 0.40548323716470625
 0.40533601332985408
 0.40519727780486203
 0.40506652486933131
 0.40494326683264309
 0.4048270335840925
 0.40471737215771009
 0.40461384630476932
 0.40451603607903236
 0.40442353742961606
 0.40433596180278342
 0.40425293575316679
 0.404174100560729
 0.40409911185985165
 0.40402763926376994
 0.40395936602112836
 0.4038939886571612
 0.40383121663646804
 0.40377077203213846
 0.40371238920523123
 0.40365581482506852
 0.40651669222300241
 0.41385397553145636
 0.41394105806997233
 0.41403012791605343
 0.41411972083354642
 0.60988684485162803
 0.60087106992282846
 0.59322160013230618
 0.59110409474077841
 0.59209611812569651
 0.58960046193192039
 0.59387404116101317
 0.59147473841389686
 0.59178922221256758
 0.59118309930666257
 0.59353882501805555
 0.59132329376155235
 0.59271254637110571
 0.58998982512290365
 0.59243206950455607
 0.59069250114696459
 0.59285744983896604
 0.59235593818583376
 0.5906290859142137
 0.59256667535783702
 0.59269344773490007
 0.59155818605649912
 0.5902525678891084
 0.59335929101734897
 0.5925461372187808
 0.59157420961780061
 0.59477329390072065
 0.58994618952107614
 0.58928535961734341
 0.59339132427422892
 0.59291664661942722
 0.59248180790067084
 0.59209762211789729
 0.59175746239790916
 0.59145256573271809
 0.59117816433410053
 0.59094896463374935
 0.59075963387732588
 0.59060038918895086
 0.59046712171200721
 0.59035719733156944
 0.59026837595663884
 0.59019863441110865
 0.59014613120000081
 0.59010918754011688
 0.59008627137837566
 0.59007598321890919
 0.59007704348584844
 0.59008828123316415
 0.59010862403450004
 0.59013708892308292
 0.59017277425311521
 0.59021485238033322
 0.59026256306661606
 0.59031520753653721
 0.59037214310470454
 0.5904327783201031
 0.59049656857102628
 0.59056301209989182
 0.59063164638999099
 0.59070204488174949
 0.59077381399023543
 0.59084659038958864
 0.59092003854111674
 0.5909938484389673
 0.59106773355533548
 0.59114142896253929
 0.59121468961848389
 0.59128728879798353
 0.59135901665773394
 0.59142967892125586
 0.59149909567448
 0.59156710025973369
 0.59163353826228826
 0.59169826657768443
 0.59176115255554129
 0.59182207321141789
 0.59188091450122193
 0.5919375706536939
 0.59199194355437401
 0.59204394217714396
 0.59209348206082324
 0.59214048482462156
 0.59218487772099782
 0.5922265932227887
 0.59226556864005842
 0.59230174576696815
 0.59233507055392443
 0.59236549280454454
 0.5923929658948256
 0.59241744651267025
 0.59243889441672792
 0.59245727221332067
 0.59247254514907244
 0.59248468091862594
 0.59249364948760164
 0.59249942292728808
 0.59250197526217563
 0.59250128232932353
 0.59249732164733571
 0.59249007229632134
 0.59247951480579353
 0.59246563105156513
 0.59244840415589783
 0.59242781838072234
 0.59240385897612735
 0.59237651188714302
 0.59234576307890674
 0.59231159704879366
 0.59227399395012292
 0.59223292510806869
 0.59218834803350451
 0.59214020446089388
 0.59208842796458971
 0.59203297260255228
 0.59197388218546765
 0.59191139788178859
 0.59184592383243484
 0.59177755353456241
 0.59170583683472355
 0.59163042457875714
 0.59155105738865721
 0.59146652354168672
 0.59138102313788976
 0.59131043154237306
 0.59125362287377881
 0.59120761073050609
 0.59115405016271982
 0.59127398741461457
 0.59152532421800919
 0.59165504148692061
 0.59178823826181048
 0.59205128126287032
 0.59248150762630436
 0.59273935600673022
 0.59270993166349173
 0.5925509341216455
 0.5923615754774193
 0.59216903935441767
 0.59197699260302339
 0.59178314135774912
 0.59157921414473313
 0.59135003825393495
 0.59118141770069288
 0.59104047313902475
 0.59090328564029304
 0.59101711747297492
 0.59190560028183492
 0.59244931971858072
 0.59235502331354128
 0.59208460421255926
 0.59180365882167862
 0.59154258245354541
 0.59134014211952912
 0.59127562345338791
 0.59153692313824091
 0.59203531413591093
 0.59202535909080189
 0.59173322441300868
 0.5915025271950336
 0.5918555486127739
 0.59253554969308575
 0.5924247106859073
 0.59211428569348779
 0.59181327538330442
 0.59151347952927902
 0.59127799348095111
 0.59118600600460891
 0.59149927242411893
 0.59193390460148021
 0.59179321365927318
 0.59166589500394384
 0.59206829717727494
 0.59217476633053767
 0.59187095594848238
 0.59154273279138647
 0.59149976176005359
 0.59228002921974998
 0.59236056053123476
 0.59204073960189285
 0.59171037403701354
 0.59141708494997047
 0.59120337506461251
 0.59143088420884404
 0.59197701200189912
 0.59187615999339649
 0.59160108481146101
 0.59136520491171474
 0.59110772044335902
 0.59078810598731579
 0.59046261145842716
 0.59014950934948129
 0.58984961221809384
 0.58956209379032332
 0.58928625711504012
 0.58902158575737973
 0.58876771439645137
 0.58852440406586826
 0.58829152269685281
 0.58806902971250452
 0.58785696371887808
 0.58765543258818964
 0.58746460539881351
 0.58728470583264991
 0.58711600671632658
 0.58695882547455647
 0.58681352030405609
 0.58668048692460995
 0.58656015578585008
 0.58645298964287684
 0.58635948140915817
 0.58628015223337715
 0.58621554973234125
 0.58616624633431413
 0.58613283767935509
 0.58611594103366516
 0.58611619366521961
 0.58613425113390927
 0.58617078543530632
 0.58622648293772828
 0.58630204203882086
 0.58639817045109488
 0.58651558202075538
 0.58665499294723622
 0.58681711726154173
 0.58700266137819346
 0.58721231750033698
 0.5874467556120242
 0.58770661372577815
 0.58799248598729059
 0.58830490814342351
 0.58864433977371844
 0.58901114254661302
 0.58940555359084101
 0.589827652873541
 0.59027732320505266
 0.59075420119165478
 0.5912576170431183
 0.59178652067091742
 0.59233939089353704
 0.59291412381862496
 0.5935078955281573
 0.59411699302593124
 0.5947366059465059
 0.59536056971706441
 0.59598104859122392
 0.59658814417215977
 0.59716941153409886
 0.59770926072113817
 0.59818821604539407
 0.59858199901142717
 0.59886039265895286
 0.59898583537659911
 0.59891168063423195
 0.59858004546386667
 0.59791915501037718
 0.59684007350375012
 0.59523277925885454
 0.59297009816142943
 0.5903304091320789
 0.59175400658594002
 0.59239130478225588
 0.59390562507328881
 0.58971194212675559
 0.59632299946957401
 0.58067658653630128
 0.59757203386258662
 0.57145864230761079
 0.53983882779267978
 0.50151074013046582
 0.45509741145919586
 0.39909486334163613
 0.33195321930761323
 0.25227026008746345
 0.15919159828600241
 0.053447823892973451
 0



# name: <cell-element>
# type: matrix
# rows: 401
# columns: 1
 3
 3
 3
 3
 3
 3
 3
 3
 3
 3
 3
 3
 3
 3
 3
 3
 3
 3
 3
 3
 3
 3
 3
 3
 3
 3
 3
 3
 3
 3
 3
 3
 3
 3
 3
 3
 3
 3
 3
 3
 3
 3
 3
 3
 3
 3
 3
 3
 3
 3
 3
 3
 3
 3
 3
 3
 3
 3
 3
 3
 3
 3
 3
 3
 3
 3
 3
 3
 3
 3
 3
 3
 3
 3
 3
 3
 3
 3
 3
 3
 3
 3
 3
 3
 3
 3
 3
 3
 3
 3
 3
 3
 3
 3
 3
 3
 3
 3
 3
 3
 3
 3
 3
 3
 3
 3
 3
 3
 3
 3
 3
 3
 3
 3
 3
 3
 3
 3
 3
 3
 3
 3
 3
 3
 3
 3
 3
 3
 3
 3
 3
 3
 3
 3
 3
 3
 3
 3
 3
 3
 3
 3
 3
 3
 3
 3
 3
 3
 3
 3
 3
 3
 3
 3
 3
 3
 3
 3
 3
 3
 3
 3
 3
 3
 3
 3
 3
 3
 3
 3
 3
 3
 3
 3
 3
 3
 3
 3
 3
 3
 3
 3
 3
 3
 3
 3
 3
 3
 3
 3
 3
 3
 3
 3
 3
 3
 3
 3
 3
 3
 3
 3
 3
 3
 3
 3
 3
 3
 3
 3
 3
 3
 3
 3
 3
 3
 3
 3
 3
 3
 3
 3
 3
 3
 3
 3
 3
 3
 3
 3
 3
 3
 3
 3
 3
 3
 3
 3
 3
 3
 3
 3
 3
 3
 3
 3
 3
 3
 3
 3
 3
 3
 3
 3
 3
 3
 3
 3
 3
 3
 3
 3
 3
 3
 3
 3
 3
 3
 3
 3
 3
 3
 3
 3
 3
 3
 3
 3
 3
 3
 3
 3
 3
 3
 3
 3
 3
 3
 3
 3
 3
 3
 3
 3
 3
 3
 3
 3
 3
 3
 3
 3
 3
 3
 3
 3
 3
 3
 3
 3
 3
 3
 3
 3
 3
 3
 3
 3
 3
 3
 3
 3
 3
 3
 3
 3
 3
 3
 3
 3
 3
 3
 3
 3
 3
 3
 3
 3
 3
 3
 3
 3
 3
 3
 3
 3
 3
 3
 3
 3
 3
 3
 3
 3
 3
 3
 3
 3
 3
 3
 3
 3
 3
 3
 3
 3
 3
 3
 3
 3
 3
 3
 3
 3
 3
 3
 3
 3
 3
 3
 3
 3
 3
 3
 3
 3
 3
 3
 3
 3
 3
 3
 3
 3
 3
 3
 3
 3
 3
 3
 3



# name: <cell-element>
# type: matrix
# rows: 401
# columns: 1
 0.077636399166304257
 0.087742623719127194
 0.07817776112116491
 0.085585496271581393
 0.087342061297585288
 0.089103210383671333
 0.090866915587617211
 0.092630793468149758
 0.094392202458234209
 0.10272383322364875
 0.098012870584896383
 0.099749462993648022
 0.10147222367715127
 0.10317852847583629
 0.10486588844026258
 0.10653198071762486
 0.10817466048097028
 0.10979196594334448
 0.11138211799607727
 0.11294351577520811
 0.11447472935091987
 0.11597449045034722
 0.11744168200756634
 0.11887532713102926
 0.12027457793229863
 0.12163870454045472
 0.12296708452184042
 0.12425919283458724
 0.12551459239834536
 0.12673292528715846
 0.12791390455557841
 0.12905730664031273
 0.13016296427801227
 0.13123075987499752
 0.13226061922617249
 0.13325250545090828
 0.13420643333415266
 0.12600938269948916
 0.13594239085599866
 0.13678437602314142
 0.13758859637489748
 0.13835512114582937
 0.1390840425256476
 0.13977545165860422
 0.14042943447929529
 0.14104606738448755
 0.14162541278716001
 0.14216751456656179
 0.14267239342524826
 0.14314004214863305
 0.14357042077618576
 0.14396345166316285
 0.14431901444183404
 0.14463694086288043
 0.14491700951460265
 0.14515894040683719
 0.1453623894102806
 0.14552694253589665
 0.14565211004207479
 0.145737320354208
 0.14578191377951424
 0.1457851359932372
 0.14574613128661679
 0.14566393554002743
 0.14553746890853747
 0.14536552818647547
 0.1451467788269821
 0.14487974658477057
 0.14456280875147914
 0.14419418495474751
 0.14377192748679615
 0.1432939111398345
 0.14275782252727104
 0.14216114889237164
 0.14150116643947294
 0.14077492828845867
 0.13997925228653968
 0.13911070913795101
 0.13816561177041689
 0.13714000767022616
 0.13602967745509784
 0.13483014581299846
 0.13353671622255825
 0.13214455074455839
 0.12995296140225135
 0.63239102414230042
 0.62769843470807218
 0.62362860731713354
 0.62006021772093611
 0.61690842257858147
 0.61410628301984627
 0.61160057825232728
 0.60934857284454991
 0.60731558188580848
 0.60547315088824161
 0.60379769386462512
 0.60226946860609631
 0.60087179954482561
 0.59959048295690931
 0.59841332729125973
 0.59732979440973155
 0.59633071685422623
 0.59540807290823916
 0.59455480600715671
 0.59376467992229121
 0.59303223607582201
 0.59235339494071804
 0.59172760932143031
 0.5911755323504817
 0.59096275335723059
 0.59192660424135934
 0.59291861101266685
 0.59255807627705659
 0.59204761606549616
 0.59162023782393292
 0.59119922009514092
 0.5910329560124834
 0.5917185915470845
 0.59275914433372645
 0.59260206022402728
 0.59219380853267944
 0.59179785905567761
 0.59143493411584658
 0.59124339097067879
 0.59113385486867842
 0.59153720726435688
 0.59152748953764422
 0.59182438592367326
 0.5919268934600207
 0.59193662128078905
 0.59192393202289351
 0.59188753248931614
 0.59184545208694816
 0.59182526232783916
 0.5917738125463371
 0.59173926967696522
 0.59174262390044174
 0.59169558362771024
 0.59161427180529336
 0.5915634228404163
 0.59151071327883953
 0.59141127790456083
 0.59129362902952054
 0.59117823016845905
 0.5910704505029265
 0.59097081283214181
 0.5908788415414794
 0.59079394006277475
 0.59071554090618017
 0.59064311595365915
 0.60058621735597617
 0.5908079180981215
 0.59122094524244784
 0.59146466181623147
 0.59153897235377162
 0.59161551258340028
 0.591635139966878
 0.59159562561675616
 0.59153353579552503
 0.59146874042180064
 0.59140747907524971
 0.59135101265511347
 0.59129925933507499
 0.59125186383807726
 0.59120845375412534
 0.59116868804557376
 0.59113226086629034
 0.59109889789943448
 0.59106835232243504
 0.59104040135185743
 0.59101484333869791
 0.59099149530295902
 0.59097019082286917
 0.59095077822098185
 0.59093311899117595
 0.59091708643589125
 0.59090256447533596
 0.59088944660702425
 0.59087763498967627
 0.59086703963688358
 0.59085757769990532
 0.59084917283409322
 0.59084175463127642
 0.59083525811398907
 0.59082962327918953
 0.59082479469153748
 0.59082072111309047
 0.59081735516994671
 0.59081465305023495
 0.59081257422982592
 0.59081108122164827
 0.59081013934827331
 0.59080971653384573
 0.59080978311362453
 0.59081031165953812
 0.59081127681882073
 0.59081265516982306
 0.59081442508290183
 0.59081656659840109
 0.59081906131108708
 0.59082189226391479
 0.59082504384979206
 0.59082850172188839
 0.59083225270868411
 0.59083628473719174
 0.59084058676104756
 0.59084514869329607
 0.59084996134510603
 0.59085501636819071
 0.59086030620077645
 0.5908658240193102
 0.59087156369091065
 0.59087751973117852
 0.59088368726365337
 0.59089006198339822
 0.59089664012064846
 0.59090341840934613
 0.5909103940562187
 0.59091756471317103
 0.59092492844870637
 0.59093248372464391
 0.59094022937163326
 0.59094816456712329
 0.59095628881465656
 0.59096460192386324
 0.59097310399169622
 0.59098179538461615
 0.59099067672188887
 0.59099974885938678
 0.59100901287325869
 0.59101847004663499
 0.59102812185341003
 0.59103796994540392
 0.59104801613848679
 0.59105826239900039
 0.59106871083095225
 0.59107936366294977
 0.59109022323511473
 0.5911012919869465
 0.59111257244317839
 0.59112406720232413
 0.59113577892237501
 0.59114771030757274
 0.59115986409537524
 0.59117224304155935
 0.59118484990596942
 0.59119768743789158
 0.5912107583598819
 0.5912240653519506
 0.59123761103447159
 0.59125139795002779
 0.59126542854588049
 0.59127970515282402
 0.59129422996590342
 0.59130900502231454
 0.5913240321779144
 0.59133931308348864
 0.59135484915892567
 0.5913706415658051
 0.59138669117907938
 0.59140299855588319
 0.59141956390371608
 0.59143638704542889
 0.59145346738344395
 0.59147080386015671
 0.59148839491766481
 0.59150623845361883
 0.59152433177476227
 0.59154267154780149
 0.59156125374748114
 0.59158007360049336
 0.59159912552680449
 0.59161840307721125
 0.59163789886686813
 0.59165760450449123
 0.59167751051801076
 0.59169760627532564
 0.59171787989937785
 0.59173831817988154
 0.59175890647792118
 0.59177962862591194
 0.59180046682125642
 0.591821401512998
 0.59184241128339499
 0.59186347272049888
 0.59188456028382597
 0.59190564616310282
 0.59192670012724802
 0.59194768936509279
 0.59196857831691652
 0.59198932849590802
 0.59200989829911843
 0.59203024280793326
 0.59205031357584326
 0.59207005840572069
 0.59208942111228968
 0.59210834127243495
 0.5921267539605185
 0.59214458946859982
 0.59216177301030926
 0.59217822440923384
 0.59219385776731637
 0.59220858111662877
 0.59222229605027732
 0.59223489733215118
 0.59224627248549344
 0.59225630135790586
 0.59226485566135834
 0.59227179848711098
 0.5922769837933779
 0.59228025586333244
 0.59228144873648314
 0.59228038561125174
 0.5922768782314104
 0.59227072628889454
 0.59226171693947294
 0.59224962467945674
 0.59223421215979288
 0.59221523308506108
 0.59219243907923946
 0.59216559264007385
 0.59213448649784362
 0.59209896371006532
 0.59205892232567991
 0.59201427826313335
 0.59196486056699915
 0.59191023544819266
 0.59184950344178466
 0.59178116034044692
 0.59170306452301435
 0.59161331730388678
 0.59152403133983111
 0.5914398330805124
 0.59134938942869242
 0.59133008845398682
 0.59149496854104822
 0.59139705649734242
 0.59127625276834872
 0.59152632996732202
 0.59225833164846209
 0.59229397947490459
 0.59203861498740906
 0.59174837868869556
 0.59150081942495436
 0.59170849816573201
 0.59236861669033303
 0.59221401692130171
 0.59180564704812488
 0.59138599283766857
 0.59142063346630658
 0.59250787425869444
 0.59219741906106416
 0.59162806439720406
 0.59115485535718526
 0.59197741236767898
 0.59181643962887576
 0.59139506619734816
 0.59158982483691935
 0.5918599229325292
 0.59238512967252965
 0.59188637943809896
 0.59137888296149177
 0.59173486997381219
 0.59184137283754101
 0.59180125430397723
 0.59177483962777933
 0.59184712994131061
 0.59176558129075918
 0.5917357619603909
 0.59163973815239357
 0.59149056133233724
 0.59313930202350562
 0.59506087660500906
 0.59219080258625145
 0.58927371015422658
 0.59128463826685174
 0.59092597821907777
 0.59218077476220154
 0.59468816300772565
 0.59112207371187075
 0.58723206760143531
 0.5951176585331448
 0.59217143816983442
 0.59093438626517159
 0.59184679826399689
 0.59171400466855517
 0.59222391049111123
 0.59149376719381697
 0.59215581695129305
 0.59156551668396562
 0.59185779476216926
 0.59163932125264762
 0.59181219599989909
 0.59188790932613145
 0.59174269451230155
 0.59190977447579252
 0.59158314336243911
 0.59200122479720085
 0.5816285573945863
 0.47038376951556204
 0.40000000000000002



# name: <cell-element>
# type: matrix
# rows: 401
# columns: 1
 0.047971721582115649
 0.050423776967823943
 0.047380826671100405
 0.048961048242881416
 0.048876132200739178
 0.048730127234791795
 0.04852594119183868
 0.048267290857623345
 0.04795835782331638
 0.048359835712135896
 0.047184728248412487
 0.046755997923510907
 0.046298139409877329
 0.045816621629855329
 0.045316604614849446
 0.044802989130502326
 0.044280350612540181
 0.043752893268818607
 0.043224422467796383
 0.042698332884738836
 0.042177609594779349
 0.041664839320209653
 0.041162229224555126
 0.040671630963081511
 0.040194568049563284
 0.039732264969010854
 0.039285676797862719
 0.038855518398140929
 0.038442292512066392
 0.038046316278505965
 0.03766774587233894
 0.037306599072758753
 0.03696277564966538
 0.036636075493382679
 0.036326214386375566
 0.03603283723719862
 0.035755632327064406
 0.035624711190193406
 0.035260047231317738
 0.035023786735749442
 0.034801918361085232
 0.034593828599557584
 0.034398989054429299
 0.034216868804923639
 0.034046941132821466
 0.033888688694748592
 0.033741607642466233
 0.033605211009799366
 0.033479031577274561
 0.033362624356169865
 0.033255568796495577
 0.033157470794521013
 0.033067964567891905
 0.032986714446880068
 0.032913416628715671
 0.03284780094108479
 0.032789632650869927
 0.032738714357950539
 0.032694888014344253
 0.032658037104037328
 0.032628089026348492
 0.032605017721036599
 0.032588846583535155
 0.032579651712108013
 0.032577565539485424
 0.032582780904118994
 0.032595555616399353
 0.032616217585286329
 0.032645170572446119
 0.032682900646942764
 0.032729983417766062
 0.032787092125377164
 0.032855006675374686
 0.032934623695576308
 0.03302696768655531
 0.033133203316692783
 0.033256611423923374
 0.033930046444057539
 0.034053817627751504
 0.034198915915850746
 0.034367440370038728
 0.03456168711863003
 0.034784134547814531
 0.035037373978305274
 0.035324134863516383
 0.5856387427076134
 0.58595475137325614
 0.58626298479337524
 0.58656273946111992
 0.5868534439665597
 0.58713472378457066
 0.58740633558905353
 0.58766813635312642
 0.5879200661850088
 0.58816213639748327
 0.58839441956971794
 0.58861704050648123
 0.58883016781206354
 0.58903400607862644
 0.58922878874911677
 0.58941477170191403
 0.58959222757423801
 0.58976144081518289
 0.58992270342802366
 0.59007631135800076
 0.59022256146214958
 0.59036174900501104
 0.59049416561476176
 0.59062009764434054
 0.59073982488124455
 0.59085361955627569
 0.59096174560590198
 0.59106445814879194
 0.59116200313947909
 0.59125461717068561
 0.59134252739494841
 0.59142595154425281
 0.59150509802794105
 0.59158016609132391
 0.59165134602187919
 0.59171881939104221
 0.59178275932119029
 0.59184333077093731
 0.59190069083094798
 0.59195498902551469
 0.59200636761521697
 0.59205496189783591
 0.59210090050383291
 0.59214430568488674
 0.59218529359415206
 0.59222397455560616
 0.59226045332441768
 0.59229482933453736
 0.59232719693477132
 0.59235764561384385
 0.59238626021256291
 0.59241312112379363
 0.59243830448017032
 0.59246188232882424
 0.59248392279195139
 0.59250449021237339
 0.59252364528154422
 0.5925414451443769
 0.59255794347565094
 0.59257319051492541
 0.59258723304122518
 0.59260011425782444
 0.59261187353683931
 0.59262254594547026
 0.5926320504318966
 0.59313893957549679
 0.59265541458721382
 0.59266860515152453
 0.59268078873435082
 0.59269212837211649
 0.59270267036705182
 0.5927124574629572
 0.59272152949421286
 0.59272992382373113
 0.5927376756483097
 0.59274481821850122
 0.59275138300434738
 0.59275739982571862
 0.59276289695869233
 0.59276790122666301
 0.59277243808008495
 0.59277653166742661
 0.59278020490126071
 0.59278347951852794
 0.59278637613732987
 0.59278891431011926
 0.59279111257427408
 0.59279298849957751
 0.59279455873345632
 0.59279583904416988
 0.59279684436161251
 0.59279758881630096
 0.59279808577664028
 0.59279834788405406
 0.59279838708708521
 0.5927982146730737
 0.59279784129914714
 0.59279727702152296
 0.5927965313231558
 0.59279561314039542
 0.59279453088876743
 0.5927932924865883
 0.59279190537864335
 0.5927903765578183
 0.59278871258650645
 0.59278691961649499
 0.59278500340828555
 0.59278296934921448
 0.59278082247106756
 0.59277856746682811
 0.59277620870648584
 0.59277375025211498
 0.59277119587274696
 0.5927685490579726
 0.59276581303123932
 0.59276299076233019
 0.59276008497996358
 0.59275709818235733
 0.59275403264931059
 0.59275089045201967
 0.59274767346327217
 0.59274438336724811
 0.5927410216685044
 0.5927375897008319
 0.59273408863551003
 0.59273051948957511
 0.59272688313346455
 0.5927231802980375
 0.59271941158208385
 0.5927155774587165
 0.59271167828228322
 0.59270771429396185
 0.59270368562830056
 0.59269959231863534
 0.59269543430269822
 0.59269121142797332
 0.59268692345677176
 0.59268257007111258
 0.5926781508775405
 0.5926736654119108
 0.59266911314352455
 0.59266449347974315
 0.59265980577014887
 0.5926550493105337
 0.59265022334708872
 0.59264532708011908
 0.5926403596681924
 0.59263532023143251
 0.59263020785579279
 0.59262502159619823
 0.5926197604804988
 0.59261442351282623
 0.59260900967751984
 0.5926035179419078
 0.59259794726085013
 0.59259229657945267
 0.59258656483688898
 0.59258075097012075
 0.59257485391730325
 0.592568872621279
 0.59256280603360734
 0.59255665311794392
 0.59255041285375565
 0.59254408424091487
 0.59253766630237681
 0.5925311580890682
 0.59252455868371179
 0.59251786720497368
 0.59251108281174036
 0.59250420470753817
 0.59249723214490246
 0.59249016443023894
 0.5924830009284614
 0.59247574106773937
 0.59246838434492932
 0.59246093033030356
 0.59245337867317993
 0.59244572910751803
 0.59243798145746518
 0.59243013564314162
 0.59242219168694832
 0.59241414971970152
 0.59240600998698245
 0.59239777285595363
 0.59238943882209882
 0.59238100851640008
 0.59237248271243159
 0.59236386233408056
 0.59235514846330728
 0.59234634234758266
 0.59233744540891387
 0.59232845925146915
 0.59231938567078612
 0.59231022666225019
 0.59230098443043666
 0.59229166139838263
 0.59228226021721297
 0.59227278377578985
 0.59226323521061319
 0.59225361791668563
 0.59224393555695976
 0.59223419207370886
 0.5922243916989578
 0.59221453896548271
 0.59220463871814522
 0.59219469612484699
 0.59218471668789907
 0.59217470625561486
 0.59216467103380499
 0.59215461759704824
 0.59214455290043677
 0.59213448429081939
 0.59212441951826011
 0.59211436674724383
 0.59210433456750189
 0.59209433200476813
 0.5920843685310907
 0.59207445407460935
 0.59206459902917674
 0.59205481426255868
 0.59204511112501135
 0.59203550145554396
 0.59202599758858221
 0.59201661235842029
 0.59200735910268432
 0.59199825166405085
 0.59198930439048336
 0.59198053213278956
 0.59197195024033555
 0.59196357455418991
 0.59195542139629809
 0.59194750755653158
 0.59193985027459461
 0.59193246721827308
 0.59192537645649201
 0.59191859642616107
 0.5919121458930412
 0.59190604390530333
 0.59190030973794139
 0.59189496282899412
 0.59189002270406499
 0.59188550888945002
 0.59188144081164484
 0.59187783768154534
 0.59187471836144334
 0.59187210121252842
 0.59187000392081546
 0.59186844329748722
 0.5918674350519838
 0.59186699353262007
 0.59186713143151204
 0.5918678594485739
 0.59186918590921356
 0.59187111632985812
 0.59187365292371796
 0.59187679404039117
 0.59188053352883729
 0.59188486001583329
 0.59188975608799133
 0.59189519736697604
 0.59190115146535049
 0.59190757681065131
 0.59191442132660366
 0.59192162096080303
 0.59192909805377791
 0.59193675954910441
 0.59194449505923341
 0.59195217481714058
 0.59195964757550568
 0.59196673855361159
 0.59197324758927761
 0.59197894771867987
 0.59198358448010591
 0.59198687628438906
 0.59198851617495918
 0.59198817510537094
 0.59198550631102143
 0.59198014904587914
 0.59197172704843071
 0.59195983088361404
 0.59194396127827686
 0.59192339289576013
 0.59189691108701925
 0.59186243412464012
 0.59181672897114057
 0.59175563127898767
 0.59167490175043491
 0.59157101862191697
 0.59144162383125087
 0.59129599823252255
 0.59118694773557412
 0.59129604450527773
 0.59130360095300849
 0.59130928422455753
 0.59155231252777563
 0.59170706418617081
 0.59178792095443578
 0.59176084561609543
 0.59176365557618749
 0.59217314015680589
 0.59394562206466939
 0.59359185363867462
 0.59222131976851466
 0.59074905607998063
 0.58918863793861243
 0.58752995135338459
 0.58565901650457242
 0.58360446361595342
 0.58133977487290789
 0.57882855235989539
 0.57600312802547871
 0.57270816924058976
 0.56856827341045069
 0.56280118136513901
 0.554583858805345
 0.55000000000000004



# name: <cell-element>
# type: matrix
# rows: 401
# columns: 1
 0
 0
 0
 0
 0
 0
 0
 0
 0
 0
 0
 0
 0
 0
 0
 0
 0
 0
 0
 0
 0
 0
 0
 0
 0
 0
 0
 0
 0
 0
 0
 0
 0
 0
 0
 0
 0
 0
 0
 0
 0
 0
 0
 0
 0
 0
 0
 0
 0
 0.21590865523057332
 0.21590865523057332
 0.21590865523057332
 0.21590865523057332
 0.21590865523057332
 0.21590865523057332
 0.21590865523057332
 0
 0
 0
 0
 0
 0
 0
 0
 0
 0
 0
 0
 0
 0
 0
 0
 0
 0
 0
 0
 0
 0
 0
 0
 0
 0
 0.82055862634288557
 0.82055862634288557
 0.81829669915047687
 0.81829669915047687
 0.81829669915047687
 0.69659716262045035
 0.62742891388094557
 0.61647428616063804
 0.61389761240817375
 0.60576339089886944
 0.60691189830472114
 0.60691189830472114
 0.60691189830472114
 0.60691189830472114
 0.60691189830472114
 0.61221713471796613
 0.61167290178642586
 0.61167290178642586
 0.61146621499343934
 0.61146621499343934
 0.61146621499343934
 0.60473297087238975
 0.60464997111231256
 0.60464997111231256
 0.60464997111231256
 0.60464997111231256
 0.60464997111231256
 0.60464997111231256
 0.60464997111231256
 0.60464997111231256
 0.60464997111231256
 0.60464997111231256
 0.72367718470574549
 0.72367718470574549
 0.72367718470574549
 0.72367718470574549
 0.78474556791599914
 0.82101689283724211
 0
 0
 0
 0
 0
 0
 0
 0
 0
 0
 0
 0
 0.012986048927462831
 0.012986048927462831
 0.012986048927462831
 0
 0
 0
 0
 0
 0
 0
 0
 0
 0
 0
 0
 0
 0
 0
 0.81999867889240641
 0
 0.0097059077902181302
 0.0097059077902181302
 0
 0.21534870778009413
 0.21534870778009413
 0.21534870778009413
 0.2153487077800941
 0.21534870778009413
 0.21534870778009413
 0.21534870778009413
 0.21534870778009413
 0.21534870778009413
 0.21534870778009413
 0.21534870778009413
 0.036271324921243221
 0
 0
 0.079789224285307991
 0.079789224285307991
 0.079789224285307991
 0.079789224285307991
 0
 0
 0
 0
 0
 0
 0
 0
 0
 0
 0
 0
 0
 0.26501258730037219
 0.25576494600451066
 0.25576494600451066
 0.25576494600451066
 0.25576494600451066
 0.13171503099799486
 0.13171503099799486
 0.13171503099799486
 0.087637184183450928
 0.087637184183450928
 0.087637184183450928
 0.087637184183450928
 0.087637184183450928
 0.051365859262207707
 0.051365859262207707
 0.051365859262207707
 0.051365859262207707
 0.051365859262207707
 0.051365859262207707
 0.051365859262207707
 0.051365859262207707
 0.051365859262207707
 0.053627786454616501
 0.053627786454616501
 0.053627786454616501
 0.053627786454616501
 0.053627786454616501
 0.051365859262207707
 0.051365859262207707
 0.051365859262207707
 0.051365859262207707
 0.051365859262207707
 0.051365859262207707
 0.051365859262207707
 0.051365859262207707
 0.051365859262207707
 0.051365859262207707
 0.087637184183450928
 0.087637184183450928
 0.087637184183450928
 0.088655398128286836
 0.085375256991042134
 0.13171503099799486
 0.13171503099799486
 0.13171503099799486
 0.25576494600451066
 0.25576494600451066
 0.25576494600451066
 0.25576494600451066
 0.25576494600451066
 0
 0
 0
 0
 0
 0
 0
 0
 0
 0
 0
 0.016532269901353334
 0.016532269901353334
 0
 0
 0
 0
 0
 0
 0
 0
 0.21534870778009413
 0.21534870778009413
 0.21534870778009413
 0.21534870778009413
 0.21534870778009413
 0.21534870778009413
 0.21636692172493002
 0
 0
 0
 0
 0
 0
 0
 0
 0
 0
 0
 0
 0
 0
 0
 0
 0
 0
 0
 0
 0
 0
 0.82101689283724211
 0.82101689283724211
 0.81875496564483363
 0.81875496564483363
 0.81875496564483363
 0.81875496564483363
 0.81875496564483363
 0.81875496564483363
 0.76738910638262581
 0.76738910638262581
 0.76738910638262581
 0.76738910638262581
 0.76738910638262581
 0.76738910638262581
 0.76738910638262581
 0.76693083988826916
 0.76693083988826916
 0.76693083988826916
 0.76693083988826916
 0.76693083988826916
 0.76693083988826916
 0.76693083988826916
 0.76693083988826916
 0.76738910638262581
 0.76738910638262581
 0.76738910638262581
 0.76738910638262581
 0.76738910638262581
 0.76738910638262581
 0.76103112899585568
 0.76103112899585568
 0.76103112899585568
 0.76082444220286916
 0.76082444220286916
 0.76082444220286916
 0.75814146508676428
 0.75814146508676428
 0.75814146508676428
 0.75814146508676428
 0.75994512578481666
 0.75994512578481666
 0.75994512578481666
 0.75994512578481666
 0.75994512578481666
 0.75892691183998062
 0.75892691183998062
 0.75892691183998062
 0.75938517833433739
 0.75938517833433739
 0.75938517833433739
 0.75938517833433739
 0.81075103759654499
 0.81075103759654499
 0.81075103759654499
 0.81075103759654499
 0.81075103759654499
 0.81075103759654499
 0.81075103759654499
 0.81075103759654499
 0.81176925154138091
 0.81176925154138091
 0
 0
 0
 0
 0
 0
 0
 0
 0
 0
 0
 0
 0
 0
 0
 0
 0
 0
 0
 0
 0
 0
 0
 0
 0
 0
 0
 0
 0
 0
 0
 0
 0
 0
 0
 0
 0
 0
 0
 0
 0
 0
 0
 0
 0
 0
 0
 0
 0
 0
 0
 0
 0
 0



# name: <cell-element>
# type: matrix
# rows: 401
# columns: 1
 3
 3
 3
 3
 3
 3
 3
 3
 3
 3
 3
 3
 3
 3
 3
 3
 3
 3
 3
 3
 3
 3
 3
 3
 3
 3
 3
 3
 3
 3
 3
 3
 3
 3
 3
 3
 3
 3
 3
 3
 3
 3
 3
 3
 3
 3
 3
 3
 3
 3
 3
 3
 3
 3
 3
 3
 3
 3
 3
 3
 3
 3
 3
 3
 3
 3
 3
 3
 3
 3
 3
 3
 3
 3
 3
 3
 3
 3
 3
 3
 3
 3
 3
 3
 3
 3
 3
 3
 3
 3
 3
 3
 3
 3
 3
 3
 3
 3
 3
 3
 3
 3
 3
 3
 3
 3
 3
 3
 3
 3
 3
 3
 3
 3
 3
 3
 3
 3
 3
 3
 3
 3
 3
 3
 3
 3
 3
 3
 3
 3
 3
 3
 3
 3
 3
 3
 3
 3
 3
 3
 3
 3
 3
 3
 3
 3
 3
 3
 3
 3
 3
 3
 3
 3
 3
 3
 3
 3
 3
 3
 3
 3
 3
 3
 3
 3
 3
 3
 3
 3
 3
 3
 3
 3
 3
 3
 3
 3
 3
 3
 3
 3
 3
 3
 3
 3
 3
 3
 3
 3
 3
 3
 3
 3
 3
 3
 3
 3
 3
 3
 3
 3
 3
 3
 3
 3
 3
 3
 3
 3
 3
 3
 3
 3
 3
 3
 3
 3
 3
 3
 3
 3
 3
 3
 3
 3
 3
 3
 3
 3
 3
 3
 3
 3
 3
 3
 3
 3
 3
 3
 3
 3
 3
 3
 3
 3
 3
 3
 3
 3
 3
 3
 3
 3
 3
 3
 3
 3
 3
 3
 3
 3
 3
 3
 3
 3
 3
 3
 3
 3
 3
 3
 3
 3
 3
 3
 3
 3
 3
 3
 3
 3
 3
 3
 3
 3
 3
 3
 3
 3
 3
 3
 3
 3
 3
 3
 3
 3
 3
 3
 3
 3
 3
 3
 3
 3
 3
 3
 3
 3
 3
 3
 3
 3
 3
 3
 3
 3
 3
 3
 3
 3
 3
 3
 3
 3
 3
 3
 3
 3
 3
 3
 3
 3
 3
 3
 3
 3
 3
 3
 3
 3
 3
 3
 3
 3
 3
 3
 3
 3
 3
 3
 3
 3
 3
 3
 3
 3
 3
 3
 3
 3
 3
 3
 3
 3
 3
 3
 3
 3
 3
 3
 3
 3
 3
 3
 3
 3
 3
 3
 3
 3
 3
 3
 3
 3
 3
 3
 3
 3
 3
 3
 3
 3
 3
 3
 3
 3
 3
 3
 3



# name: <cell-element>
# type: matrix
# rows: 401
# columns: 1
 0
 0
 0
 0
 0
 0
 0
 0
 0
 0
 0
 0
 0
 0
 0
 0
 0
 0
 0
 0
 0
 0
 0
 0
 0
 0
 0
 0
 0
 0
 0
 0
 0
 0
 0
 0
 0
 0
 0
 0
 0
 0
 0
 0
 0
 0
 0
 0
 0
 0.18025729059983847
 0.18025729059983847
 0.18025729059983847
 0.18025729059983847
 0
 0
 0
 0
 0
 0
 0
 0
 0
 0
 0
 0
 0
 0
 0
 0
 0
 0
 0
 0
 0
 0
 0
 0
 0
 0
 0
 0
 0
 0
 0
 0
 0.65643311640022151
 0.65643311640022151
 0.65643311640022151
 0.65643311640022151
 0.65643311640022151
 0.65639916142790833
 0.65183375818704825
 0.64772822935539021
 0.64374605583505295
 0.64014131670884822
 0.63690782017022696
 0.63404874737399164
 0.63151083954220322
 0.62924924382231484
 0.62811383060181525
 0.62799916903919095
 0.62788972343004812
 0.62778458938857817
 0.62768289964543256
 0.62762207495855682
 0.62760045159200939
 0.62759447684363467
 0.627601290488223
 0.62761847225471779
 0.62764397261236871
 0.62767605288473982
 0.6277132346644162
 0.62775425691085041
 0.62779803941021106
 0.62784365151117694
 0.62789028523999502
 0.62759451481280482
 0.6268942294138472
 0.62619316777973522
 0.62576276534921049
 0.62578906942852408
 0.62581250732639759
 0.62583261775942167
 0.62584893480978698
 0.62586097810612762
 0.62586824352246628
 0.6258701942370738
 0.62586625201682733
 0.62585578860468349
 0.62585658380573239
 0.62585222460255363
 0.62583963959800426
 0.62581793085777659
 0.62578610770519272
 0.62574307672749274
 0.62568763117629489
 0.62561843962251451
 0.62551489994172527
 0.625391158358517
 0.62525042225594452
 0.62509154624620267
 0.62491329777990401
 0.6247142517313139
 0.6260270116332467
 0.6274237887849452
 0.62891447216459617
 0.62297675427912591
 0.61382042431416817
 0.60576736983215462
 0.59872089144646512
 0.59251253776459634
 0.58718968599870336
 0.5827182612497902
 0.57894108514270792
 0.57579769981607398
 0.57342566083053848
 0.57163135939973586
 0.57030447253486405
 0.56940335193923819
 0.56889011914697474
 0.56873037780145141
 0.56889294981730909
 0.56934973542561551
 0.56778263882503899
 0.56642899898234433
 0.56527952073080356
 0.56432675833506352
 0.56356483609682306
 0.56297457749129243
 0.56255945240914018
 0.56230863791664909
 0.56221230761716234
 0.56226129897773336
 0.56229531640910524
 0.56243685118335451
 0.56260070260110495
 0.56294092075431423
 0.56344895464540123
 0.56393942441728029
 0.56389861288140652
 0.56532699788962903
 0.56673318213559498
 0.56811282313857536
 0.5694622753048374
 0.57077849392155844
 0.57205897105274706
 0.5733016759911167
 0.57450499921799547
 0.57566769864080991
 0.57678862358499927
 0.57784691350981465
 0.57887090602400881
 0.5798766546771853
 0.58086998465253303
 0.58175344103627891
 0.58257668196876211
 0.58340352671301865
 0.58422991144622372
 0.58505084166200572
 0.58586052829819779
 0.58665262943297591
 0.587420473265718
 0.5881572628402395
 0.58885626300248006
 0.58951097005177067
 0.5901151148133148
 0.59074337857284198
 0.59136574307294365
 0.59192682124883289
 0.59242517518516868
 0.59286272449734589
 0.59324133890414843
 0.59356280728772848
 0.59382884512487488
 0.59404110175620883
 0.59420116775419385
 0.59431058258127245
 0.59437084267059659
 0.59438340999540851
 0.5943497212238551
 0.59427119747829549
 0.59414925479967617
 0.59397867309665986
 0.59374889057558955
 0.59347700747829257
 0.59317342710835963
 0.59297118865252241
 0.5927506451792417
 0.59250657837333531
 0.59227819340806342
 0.59217791155591804
 0.59205860981262037
 0.59191822212960699
 0.5917546486516243
 0.59156574773556103
 0.59051279424801706
 0.58913425047404011
 0.5876799141072
 0.58611043352385284
 0.58446480106742127
 0.58274204400438556
 0.58094121984527547
 0.57906141499554831
 0.57710174384997048
 0.57511930950026602
 0.57317479362523271
 0.57113545887343564
 0.56901024666824518
 0.56679839773313445
 0.56449905544536838
 0.56211133916267442
 0.5596343498019305
 0.55706717351846069
 0.55440888422644441
 0.55165854545839743
 0.54881521184751425
 0.5458779304379745
 0.54284574196741864
 0.53972150463463031
 0.5365007411796624
 0.53322230574901675
 0.52984944378241916
 0.52651468466277673
 0.52427327595832696
 0.52192148074084554
 0.5194507035414615
 0.5168520888515683
 0.51411823066653817
 0.51385047125435068
 0.51473994455312
 0.51557854690552796
 0.51636894886178142
 0.51711357769812782
 0.51781471800754075
 0.51813860292509983
 0.51841746867934058
 0.5186554611336115
 0.51885641684533479
 0.51902388367204189
 0.5191611399994871
 0.5192712128727518
 0.51929197723583975
 0.5197304003633636
 0.52025876421421591
 0.52072889551528223
 0.52117766089490436
 0.52160182714461156
 0.52176019480475799
 0.5217389308424133
 0.52177844558195496
 0.52193207160474653
 0.52207153095463033
 0.5221974070019697
 0.52231024201578558
 0.52241054235213424
 0.52249877978713977
 0.52257539285545052
 0.52264078815902004
 0.522695341579416
 0.52274971160775052
 0.52281033261078957
 0.52285829040720533
 0.52289392658080236
 0.52336906029518149
 0.5238506534119034
 0.52427059629419814
 0.52460414582710535
 0.52487760167071695
 0.52509803419165246
 0.52521280712360141
 0.52515872537371455
 0.5250941055257452
 0.52501898996236118
 0.52493339433076069
 0.52483730784553395
 0.52473069352569146
 0.52461348836753818
 0.52448560345411499
 0.52434692400231697
 0.52419730934879727
 0.52384897534230745
 0.52342375092225524
 0.52303328089527112
 0.52267522024108681
 0.52228462007776233
 0.52190067876682777
 0.52154485191695699
 0.5212405883480522
 0.52105649351447547
 0.52118076331713425
 0.52144989954214693
 0.52189799355272859
 0.52223780612369841
 0.52192078193173286
 0.52136248468819879
 0.52078989157552136
 0.52020573491686017
 0.51986490379268113
 0.51981987236200478
 0.51975310387160012
 0.51966342137222288
 0.51954946058092522
 0.51929807196080846
 0.51900159574015581
 0.51866520500719615
 0.51804715135490986
 0.51728226655351905
 0.51647762644319883
 0.51563136498753015
 0.51474151777009236
 0.51380601418824146
 0.51282266704409862
 0.51178915808941017
 0.51070301724517919
 0.50956159189705852
 0.50836200058594339
 0.50710106213346873
 0.50576288336232578
 0.53828357294956164
 0.58025722417234826
 0.62440284586319716
 0.62388376654104216
 0.62337884291829337
 0.62302666545461338
 0.62261467596111242
 0.61940873301612265
 0.61600463239265435
 0.61275584741027123
 0.60965162244881743
 0.60671175791897092
 0.60390897920031139
 0.60122356658273512
 0.59864659676349341
 0.59616979561965422
 0.59378549628470989
 0.59148660221226379
 0.58926655284971241
 0.58764531011694954
 0.58624793990729229
 0.58475085572067942
 0.58315761103189445
 0.58146231448253072
 0.57965871967966309
 0.57774020390273184
 0.575699745518225
 0.57352990001183701
 0.5710490012224323
 0.56822905362684195
 0.56595855106736503
 0.56403294710640262
 0.56214655936592406
 0.56025735273143384
 0.55845182926030845
 0.55804255064451269
 0.55682348642242296
 0.55526039416937845
 0.55425011430163595
 0.55392517907234484
 0.55476542758493552
 0.55282365125423283
 0.43627510328560543



# name: <cell-element>
# type: matrix
# rows: 401
# columns: 1
 0
 0
 0
 0
 0
 0
 0
 0
 0
 0
 0
 0
 0
 0
 0
 0
 0
 0
 0
 0
 0
 0
 0
 0
 0
 0
 0
 0
 0
 0
 0
 0
 0
 0
 0
 0
 0
 0
 0
 0
 0
 0
 0
 0
 0
 0
 0
 0
 0
 0.067436116798836751
 0.067436116798836751
 0.067436116798836751
 0
 0
 0
 0
 0
 0
 0
 0
 0
 0
 0
 0
 0
 0
 0
 0
 0
 0
 0
 0
 0
 0
 0
 0
 0
 0
 0
 0
 0
 0
 0
 0
 0
 0.62495974263831133
 0.62495974263831133
 0.62495974263831133
 0.62493995110525979
 0.62483644917377978
 0.6242968522298058
 0.62216398252752148
 0.62023288632760121
 0.61583582456936403
 0.61252557680453579
 0.61009425629712366
 0.60837115032822731
 0.60721795176833604
 0.60653884982496664
 0.60620494862432905
 0.6061318054746776
 0.60624798070602381
 0.60649275106761469
 0.60681421731367591
 0.60716763287484343
 0.60767873846625742
 0.60909095597595198
 0.61038478262332962
 0.6115705552827948
 0.61145833115494463
 0.61135498378273789
 0.61125977146126531
 0.61119824324508343
 0.61110225772455173
 0.6109988099368554
 0.61091378791804396
 0.61084450618587693
 0.61078859986183276
 0.6107439747484279
 0.610708768360951
 0.61068131614066312
 0.61066012207494191
 0.61064383307925574
 0.61061613037013973
 0.61055449038614418
 0.61049504299146384
 0.61043730336860447
 0.61038084034916085
 0.61032088709078469
 0.61025299540209277
 0.61018656925806702
 0.61012128231713147
 0.61005685176860591
 0.60999303611045408
 0.60992963325744953
 0.60987541694521008
 0.60988153685631086
 0.60989170252497571
 0.60990596790905838
 0.60992440482338095
 0.60994710368181992
 0.60997417369934936
 0.61000574316895795
 0.61004195980882758
 0.61008299117095599
 0.61011481064791329
 0.61014684761311622
 0.61018353335654718
 0.61022513299236725
 0.61027193948913272
 0.61006886173107278
 0.61080078086290668
 0.61130090024522643
 0.61050702493137943
 0.60970987081627359
 0.60908659069428572
 0.60860066456188011
 0.6082385885061502
 0.6079885002473876
 0.6078400245442821
 0.60778413712586443
 0.60781304454154239
 0.60790859007860287
 0.60791986352908778
 0.6078958417992667
 0.60791818204960502
 0.60798116940446534
 0.60761352288750803
 0.60681882314639746
 0.60599479296738545
 0.60514168008023994
 0.60426049012405092
 0.60335278757801991
 0.6024205535605186
 0.60146606465655761
 0.60049179032106925
 0.59950030671231713
 0.59849422504612848
 0.59747613277625544
 0.59644854608522169
 0.59540925005193635
 0.59435657302382539
 0.59330092072018803
 0.59224667905728778
 0.59140303098633318
 0.59035173235658167
 0.58930258251980616
 0.58825878268472653
 0.58754146484584324
 0.58769922050029078
 0.58785120644207212
 0.5879976779111985
 0.58813894434260194
 0.58827535931689068
 0.58845652732152409
 0.58866513712133972
 0.58886545958780467
 0.58905818410892219
 0.58924400492376039
 0.58942361923460429
 0.58959772966483259
 0.58972534578520552
 0.58983997896399254
 0.58994979549154003
 0.59005586553601785
 0.59014307439964608
 0.59022628463533533
 0.59030813763237455
 0.59038959094664278
 0.59047155535794904
 0.59055489862407806
 0.59064044928500348
 0.59072900056777611
 0.59082131441132091
 0.59092323865044916
 0.59107700195992552
 0.59121961529483469
 0.59136523004502617
 0.59151446826603238
 0.59166686591759221
 0.59182316076751695
 0.59198352658676756
 0.59214778207208651
 0.59231573083315192
 0.59248715440082445
 0.59266180895809795
 0.59283941859000167
 0.59268975866331386
 0.59252754589862289
 0.59235257312749068
 0.59218184777343164
 0.59201542216393754
 0.59183873242432528
 0.591651585497735
 0.59145377810230104
 0.5912450976743342
 0.59102532137582087
 0.59079421495826179
 0.59055153148851303
 0.59029700994614032
 0.59003037371562161
 0.58975132896133686
 0.58945956291820834
 0.58915474209151009
 0.588836510400778
 0.5885043287493873
 0.58810074345752861
 0.58768371563006339
 0.58725304237383136
 0.58680852905610059
 0.58634998471030253
 0.58587722193743863
 0.58539005689624413
 0.58488830935310288
 0.58437180240209252
 0.58387488444299385
 0.58337402861000021
 0.58285828856638644
 0.58232743264397568
 0.58178122787140851
 0.58121944022695116
 0.58064183483106668
 0.58004925390846673
 0.58095828673468708
 0.58184045390520223
 0.58269001138201637
 0.58350086481849994
 0.58426654285058222
 0.58498016717744261
 0.58563441819990802
 0.58622128516951033
 0.58718746596251159
 0.58789816744324808
 0.58851571989492479
 0.5890667982935075
 0.58955719386146532
 0.58999225255644339
 0.59037691152675076
 0.59071573094955165
 0.59101292237388081
 0.59127237431319679
 0.59155251251001184
 0.59187394507845748
 0.59216845125607864
 0.59237250629451599
 0.59257936235421893
 0.5927259671901256
 0.59284027630033098
 0.59299328966591824
 0.59339516128281622
 0.59366503589961672
 0.59390947439604558
 0.59409616774554652
 0.59424892155509246
 0.5943857451145218
 0.59450724508569441
 0.5946139798307184
 0.59470646097515156
 0.59470262596764245
 0.59467031360771572
 0.59464354761212734
 0.59462288717967471
 0.59460483592184799
 0.59458933564924432
 0.59457633683406841
 0.59456579842552137
 0.59455768769956197
 0.59455198014087063
 0.59454865935565393
 0.5945477170146265
 0.59454915282625309
 0.59455297454105138
 0.59455919808494595
 0.59450675425373856
 0.59439078716138738
 0.59426772681661966
 0.5941326609379004
 0.59398534979590389
 0.59382551735606481
 0.59365285064486639
 0.59346699903612798
 0.59326757355197357
 0.59305414558161962
 0.59282620296283894
 0.59258258093652372
 0.59231882277288239
 0.59202517950548905
 0.59176364458103869
 0.59180813366913299
 0.59155368373221606
 0.59128344143204115
 0.59098115359550119
 0.59065233317799604
 0.59029142642471077
 0.58988995850895731
 0.58945900076831348
 0.58909690391652159
 0.58877288066140332
 0.58840486592694485
 0.58798966575491285
 0.5875237624837657
 0.58698752125260312
 0.58639460885044814
 0.58574140764506166
 0.58502260485813928
 0.5842324799214389
 0.58324268015583092
 0.58212652004977927
 0.58094936931199725
 0.57970798159171055
 0.57839892523978742
 0.57701857119353972
 0.5755630788047762
 0.57402837868883239
 0.57392674928437548
 0.5738498725266119
 0.57375535083133455
 0.57365250027645398
 0.57354094380663811
 0.57591649352795904
 0.58243950862221205
 0.58935403688462862
 0.59680132106220685
 0.59790415788908302
 0.59782913777078328
 0.59773997392359091
 0.59762431952293138
 0.59749523992413089
 0.59735379894393459
 0.59705210858874314
 0.59591220009649748
 0.59483625335282775
 0.59384322528764266
 0.59292256583728919
 0.59205754910269703
 0.5912460453217695
 0.5904826510828125
 0.58972817452002613
 0.58902354436121263
 0.58830453622793499
 0.58763111221963382
 0.58700868699783537
 0.58643643645607868
 0.58591313180269167
 0.58548358342580076
 0.585097179077532
 0.58475380105804953
 0.58445352515063742
 0.58419661748844975
 0.58357074135518172
 0.58294799997336955
 0.58233054178253063
 0.58179084955046678
 0.58127371811346573
 0.58077908420682312
 0.580354595015666
 0.57999208026235816
 0.5817169513841961
 0.58707670173631099
 0.59267471503789959
 0.56998215069871949





