# Created by Octave 5.2.0, Sat Sep 05 06:18:25 2020 CEST <tkanas@tkanas>
# name: solutions
# type: cell
# rows: 1
# columns: 2
# name: <cell-element>
# type: matrix
# rows: 401
# columns: 1
 0.068960324096164441
 0.068960324096164441
 0.068960324096164441
 0.068960324096164441
 0.068960324096164441
 0.068960324096164441
 0.068960324096164441
 0.068960324096164441
 0.068960324096164441
 0.068960324096164441
 0.068960324096164441
 0.068960324096164441
 0.068960324096164441
 0.068960324096164441
 0.068960324096164441
 0.068960324096164441
 0.068960324096164441
 0.068960324096164441
 0.068960324096164441
 0.068960324096164441
 0.068960324096164441
 0.068960324096164441
 0.068960324096164441
 0.068960324096164441
 0.068960324096164441
 0.068960324096164441
 0.068960324096164441
 0.068960324096164441
 0.068960324096164441
 0.068960324096164441
 0.068960324096164441
 0.068960324096164441
 0.068960324096164441
 0.068960324096164441
 0.068960324096164441
 0.068960324096164441
 0.068960324096164441
 0.068960324096164441
 0.068960324096164441
 0.068960324096164441
 0.068960324096164441
 0.068960324096164441
 0.068960324096164441
 0.068960324096164441
 0.068960324096164441
 0.068960324096164441
 0.068960324096164441
 0.068960324096164441
 0.068960324096164441
 0.068960324096164441
 0.068960324096164441
 0.068960324096164441
 0.068960324096164441
 0.068960324096164441
 0.068960324096164441
 0.068960324096164441
 0.068960324096164441
 0.068960324096164441
 0.068960324096164441
 0.068960324096164441
 0.068960324096164441
 0.068960324096164441
 0.068960324096164441
 0.068960324096164441
 0.068960324096164441
 0.068960324096164441
 0.068960324096164441
 0.068960324096164441
 0.068960324096164441
 0.068960324096164441
 0.068960324096164441
 0.068960324096164441
 0.068960324096164441
 0.068960324096164441
 0.068960324096164441
 0.068960324096164441
 0.068960324096164441
 0.068960324096164441
 0.068960324096164441
 0.068960324096164441
 0.068960324096164441
 0.068960324096164441
 0.068960324096164441
 0.068960324096164441
 0.068960324096164441
 0.068960324096164441
 0.068960324096164441
 0.068960324096164441
 0.068960324096164441
 0.068960324096164441
 0.068960324096164441
 0.068960324096164441
 0.068960324096164441
 0.068960324096164441
 0.068960324096164441
 0.068960324096164441
 0.59202947740842582
 0.59202947740842582
 0.59202947740842582
 0.59202947740842582
 0.59202947740842582
 0.59202947740842582
 0.59202947740842582
 0.59202947740842582
 0.59202947740842582
 0.59202947740842582
 0.59202947740842582
 0.59202947740842582
 0.59202947740842582
 0.59202947740842582
 0.59202947740842582
 0.59202947740842582
 0.59202947740842582
 0.59202947740842582
 0.59202947740842582
 0.59202947740842582
 0.59202947740842582
 0.59202947740842582
 0.59202947740842582
 0.59202947740842582
 0.59202947740842582
 0.59202947740842582
 0.59202947740842582
 0.59202947740842582
 0.59202947740842582
 0.59202947740842582
 0.59202947740842582
 0.59202947740842582
 0.59202947740842582
 0.59202947740842582
 0.59202947740842582
 0.59202947740842582
 0.59202947740842582
 0.59202947740842582
 0.59202947740842582
 0.59202947740842582
 0.59202947740842582
 0.59202947740842582
 0.59202947740842582
 0.59202947740842582
 0.59202947740842582
 0.59202947740842582
 0.59202947740842582
 0.59202947740842582
 0.59202947740842582
 0.59202947740842582
 0.59202947740842582
 0.59202947740842582
 0.59202947740842582
 0.59202947740842582
 0.59202947740842582
 0.59202947740842582
 0.59202947740842582
 0.59202947740842582
 0.59202947740842582
 0.59202947740842582
 0.59202947740842582
 0.59202947740842582
 0.59202947740842582
 0.59202947740842582
 0.59202947740842582
 0.59202947740842582
 0.59202947740842582
 0.59202947740842582
 0.59202947740842582
 0.59202947740842582
 0.59202947740842582
 0.59202947740842582
 0.59202947740842582
 0.59202947740842582
 0.59202947740842582
 0.59202947740842582
 0.59202947740842582
 0.59202947740842582
 0.59202947740842582
 0.59202947740842582
 0.59202947740842582
 0.59202947740842582
 0.59202947740842582
 0.59202947740842582
 0.59202947740842582
 0.59202947740842582
 0.59202947740842582
 0.59202947740842582
 0.59202947740842582
 0.59202947740842582
 0.59202947740842582
 0.59202947740842582
 0.59202947740842582
 0.59202947740842582
 0.59202947740842582
 0.59202947740842582
 0.59202947740842582
 0.59202947740842582
 0.59202947740842582
 0.59202947740842582
 0.59202947740842582
 0.59202947740842582
 0.59202947740842582
 0.59202947740842582
 0.59202947740842582
 0.59202947740842582
 0.59202947740842582
 0.59202947740842582
 0.59202947740842582
 0.59202947740842582
 0.59202947740842582
 0.59202947740842582
 0.59202947740842582
 0.59202947740842582
 0.59202947740842582
 0.59202947740842582
 0.59202947740842582
 0.59202947740842582
 0.59202947740842582
 0.59202947740842582
 0.59202947740842582
 0.59202947740842582
 0.59202947740842582
 0.59202947740842582
 0.59202947740842582
 0.59202947740842582
 0.59202947740842582
 0.59202947740842582
 0.59202947740842582
 0.59202947740842582
 0.59202947740842582
 0.59202947740842582
 0.59202947740842582
 0.59202947740842582
 0.59202947740842582
 0.59202947740842582
 0.59202947740842582
 0.59202947740842582
 0.59202947740842582
 0.59202947740842582
 0.59202947740842582
 0.59202947740842582
 0.59202947740842582
 0.59202947740842582
 0.59202947740842582
 0.59202947740842582
 0.59202947740842582
 0.59202947740842582
 0.59202947740842582
 0.59202947740842582
 0.59202947740842582
 0.59202947740842582
 0.59202947740842582
 0.59202947740842582
 0.59202947740842582
 0.59202947740842582
 0.59202947740842582
 0.59202947740842582
 0.59202947740842582
 0.59202947740842582
 0.59202947740842582
 0.59202947740842582
 0.59202947740842582
 0.59202947740842582
 0.59202947740842582
 0.59202947740842582
 0.59202947740842582
 0.59202947740842582
 0.59202947740842582
 0.59202947740842582
 0.59202947740842582
 0.59202947740842582
 0.59202947740842582
 0.59202947740842582
 0.59202947740842582
 0.59202947740842582
 0.59202947740842582
 0.59202947740842582
 0.59202947740842582
 0.59202947740842582
 0.59202947740842582
 0.59202947740842582
 0.59202947740842582
 0.59202947740842582
 0.59202947740842582
 0.59202947740842582
 0.59202947740842582
 0.59202947740842582
 0.59202947740842582
 0.59202947740842582
 0.59202947740842582
 0.59202947740842582
 0.59202947740842582
 0.59202947740842582
 0.59202947740842582
 0.59202947740842582
 0.59202947740842582
 0.59202947740842582
 0.59202947740842582
 0.59202947740842582
 0.59202947740842582
 0.59202947740842582
 0.59202947740842582
 0.59202947740842582
 0.59202947740842582
 0.59202947740842582
 0.59202947740842582
 0.59202947740842582
 0.59202947740842582
 0.59202947740842582
 0.59202947740842582
 0.59202947740842582
 0.59202947740842582
 0.59202947740842582
 0.59202947740842582
 0.59202947740842582
 0.59202947740842582
 0.59202947740842582
 0.59202947740842582
 0.59202947740842582
 0.59202947740842582
 0.59202947740842582
 0.59202947740842582
 0.59202947740842582
 0.59202947740842582
 0.59202947740842582
 0.59202947740842582
 0.59202947740842582
 0.59202947740842582
 0.59202947740842582
 0.59202947740842582
 0.59202947740842582
 0.59202947740842582
 0.59202947740842582
 0.59202947740842582
 0.59202947740842582
 0.59202947740842582
 0.59202947740842582
 0.59202947740842582
 0.59202947740842582
 0.59202947740842582
 0.59202947740842582
 0.59202947740842582
 0.59202947740842582
 0.59202947740842582
 0.59202947740842582
 0.59202947740842582
 0.59202947740842582
 0.59202947740842582
 0.59202947740842582
 0.59202947740842582
 0.59202947740842582
 0.59202947740842582
 0.59202947740842582
 0.59202947740842582
 0.59202947740842582
 0.59202947740842582
 0.59202947740842582
 0.59202947740842582
 0.59202947740842582
 0.59202947740842582
 0.59202947740842582
 0.59202947740842582
 0.59202947740842582
 0.59202947740842582
 0.59202947740842582
 0.59202947740842582
 0.59202947740842582
 0.59202947740842582
 0.59202947740842582
 0.59202947740842582
 0.59202947740842582
 0.59202947740842582
 0.59202947740842582
 0.59202947740842582
 0.59202947740842582
 0.59202947740842582
 0.59202947740842582
 0.59202947740842582
 0.59202947740842582
 0.59202947740842582
 0.59202947740842582
 0.59202947740842582
 0.59202947740842582
 0.59202947740842582
 0.59202947740842582
 0.59202947740842582
 0.59202947740842582
 0.59202947740842582
 0.59202947740842582
 0.59202947740842582
 0.59202947740842582
 0.59202947740842582
 0.59202947740842582
 0.59202947740842582
 0.59202947740842582
 0.59202947740842582
 0.59202947740842582
 0.59202947740842582
 0.59202947740842582
 0.59202947740842582
 0.59202947740842582
 0.59202947740842582
 0.59202947740842582
 0.59202947740842582



# name: <cell-element>
# type: matrix
# rows: 401
# columns: 1
 0.069434777547822402
 0.069868796298138053
 0.069887853218545626
 0.069906928910265773
 0.069926016687529055
 0.06994510216260108
 0.06996416473367667
 0.069983179037236221
 0.070002116295561648
 0.070020945518811079
 0.070039634541853635
 0.070058150890652218
 0.070076462483028415
 0.070094538175330262
 0.070112348170673008
 0.07012986430661973
 0.070147060240894843
 0.070163911553350389
 0.070180395781199945
 0.070196492402859384
 0.070212182783740126
 0.070227450095256494
 0.070242279216266065
 0.070256656624266015
 0.070270570281973338
 0.07028400952346732
 0.070296964942840129
 0.070309428287335982
 0.070321392356175697
 0.070332850905648586
 0.070341103712086198
 0.070346460355379697
 0.070351452856045119
 0.070356078454233778
 0.070360334751393444
 0.070364219671058478
 0.070367731421856761
 0.070372835093318736
 0.070378745537592269
 0.07038430679233984
 0.070389519098965014
 0.070394382846048514
 0.070398898536789864
 0.070403066756895782
 0.070406888142710539
 0.070407678472401009
 0.070405848689567049
 0.070403942597101352
 0.070402956243312137
 0.070402956243312137
 0.070402956243312137
 0.070402956243312137
 0.070402956243312137
 0.070402956243312137
 0.070402956243312137
 0.070402956243312137
 0.070402956243312137
 0.070402956243312137
 0.070402956243312137
 0.070402956243312137
 0.070402956243312137
 0.070402956243312137
 0.070402956243312137
 0.070402956243312137
 0.070402956243312137
 0.070402956243312137
 0.070402956243312137
 0.070402956243312137
 0.070402956243312137
 0.070402956243312137
 0.070402956243312137
 0.070402956243312137
 0.070402956243312137
 0.070402956243312137
 0.070402956243312137
 0.070402956243312137
 0.070402956243312137
 0.070402956243312137
 0.070402956243312137
 0.070402956243312137
 0.070558611684892358
 0.070562170598360188
 0.070560268215459826
 0.070554841460658907
 0.070548982143059644
 0.070542667670158279
 0.070535873822543657
 0.070528574667266475
 0.070520742472892417
 0.070512347632189484
 0.070503358603634936
 0.070493741892560829
 0.070483462110351253
 0.070470098077954485
 0.070449457228493259
 0.070427474422273054
 0.59336305821195245
 0.59336264256994686
 0.59336225895064909
 0.59336190499106656
 0.59336157802761103
 0.59336127564822949
 0.59336099568012168
 0.59336073616975593
 0.59336049536096536
 0.59336027167366234
 0.5933600636842381
 0.59335987010795765
 0.59335968978336684
 0.59335952165855244
 0.59335936477908935
 0.59335921827746285
 0.59335908136378157
 0.593358953317624
 0.59335883348085339
 0.59335872125128963
 0.59335861607711915
 0.59335851745194323
 0.59335842491039081
 0.59335833802421811
 0.59335825639883311
 0.59335817967020754
 0.59335810750209383
 0.59335803958356359
 0.59335797562677084
 0.59335791536496529
 0.59335785855068768
 0.59335780495415313
 0.59335775436178484
 0.59335770657489151
 0.59335766140846946
 0.59335761869011205
 0.59335757825902058
 0.59335753996511209
 0.59335750366818985
 0.59335746923719546
 0.59335743654953554
 0.59335740549044869
 0.59335737595243065
 0.59335734783471072
 0.59335732104277572
 0.59335729548791383
 0.59335727108682257
 0.59335724776120635
 0.59335722543745839
 0.59335595161524612
 0.59335468776271583
 0.59335343174861788
 0.59335218153582747
 0.59335093517433279
 0.59334969079468203
 0.59334844660188624
 0.59334720086974402
 0.59334595193552109
 0.59334469819498892
 0.59334343809777601
 0.59334217014302959
 0.59334089287531577
 0.59333960488078608
 0.59333830478358607
 0.5933369912424421
 0.59333566294748019
 0.59333431861720554
 0.59333295699564481
 0.59333157684966298
 0.59333017696639179
 0.59332875615084424
 0.59332731322357191
 0.5933258470185272
 0.59332435638094583
 0.59332284016538983
 0.59332129723385896
 0.59331972645395648
 0.59331812669717965
 0.59331649683725785
 0.5933148357485537
 0.59331314230453092
 0.59331141537628085
 0.59330965383108814
 0.59330785653107976
 0.59330602233183627
 0.59330415008115522
 0.59330223861778164
 0.59330028677014457
 0.59329829335521744
 0.5932962571773035
 0.59329417702695708
 0.59329205167979326
 0.5932897235115876
 0.59328714985812381
 0.59328451934258453
 0.59328183046701666
 0.59327908170976384
 0.59327627152428564
 0.59327339833798565
 0.59327046055104571
 0.59326745653526569
 0.59326438463290665
 0.5932612431555343
 0.59325803038286429
 0.5932547445616041
 0.59325138390429244
 0.59324794658813473
 0.59324443075383204
 0.59324083450440179
 0.59323715590399173
 0.59323339297668265
 0.59322954370528036
 0.59322560603009511
 0.59322157784770713
 0.59321745700971884
 0.59321324132148867
 0.59320892854085061
 0.59320451637681326
 0.59320000248824079
 0.59319538448251374
 0.59319065991416742
 0.59318582628350858
 0.59318088103520838
 0.59317582155687021
 0.5931706451775719
 0.59316534916638231
 0.59315993073084805
 0.59315438701545287
 0.59314871510004596
 0.59314291199824098
 0.59313697465577986
 0.59313089994886647
 0.59312468468246404
 0.5931183255885577
 0.59311181932438062
 0.59310516247060152
 0.59309835152947488
 0.59308858700661293
 0.59307859641265093
 0.59306837449893168
 0.59305791589594226
 0.59304721511044567
 0.59303626652247976
 0.59302506438235258
 0.5930136028075359
 0.59300187577950714
 0.59298987714048279
 0.59297760059014193
 0.59296503968218617
 0.59295218782091075
 0.59293903825763861
 0.59292558408706864
 0.59291137220035917
 0.59289683105825952
 0.59288195302157987
 0.59286673027346615
 0.59285115481519179
 0.59283521846179488
 0.59281891283765709
 0.592802229372
 0.59278515929421249
 0.59276769362913706
 0.59274982319212444
 0.59273153858408234
 0.59271283018643295
 0.59269368815581513
 0.59267410241866902
 0.5926540626658735
 0.59263355834701359
 0.5926125786645966
 0.59259111256830199
 0.59256914874870759
 0.59254667563126329
 0.59252368136975497
 0.59250015384002819
 0.59247608063296575
 0.59245144904800284
 0.59242624608579275
 0.5924004584411201
 0.59237407249563778
 0.59234707431002642
 0.59231944961644778
 0.59229118381043633
 0.59226226194288412
 0.59223266871132485
 0.59220238845184858
 0.592171405129719
 0.59213970233067437
 0.59210726325155827
 0.59207407069056583
 0.59204010703782506
 0.59201586553437202
 0.5920158528518713
 0.59201583943942948
 0.59201582526627505
 0.59201581029940031
 0.59201579450367481
 0.59201577784154347
 0.59201576027309977
 0.59201574175577731
 0.59201572224441279
 0.59201570169085371
 0.59201568004412775
 0.592015657250056
 0.59201563325117823
 0.59201560798661446
 0.59201558139172328
 0.59201555339814016
 0.59201552393325518
 0.59201549292044875
 0.59201546027824026
 0.59201542592076961
 0.59201538975677559
 0.59201535168990027
 0.59201531161805665
 0.59201526943340821
 0.59201522502161397
 0.59201517826194205
 0.59201512902655551
 0.59201507718020996
 0.59201502257982641
 0.59201496507431106
 0.5920149045036609
 0.59201484069861132
 0.59201477348028186
 0.59201470265949008
 0.59201462803599758
 0.59201454939833809
 0.59201446652266265
 0.59201437917219046
 0.59201428709684722
 0.59201419003192612
 0.59201408769732522
 0.59201397979729142
 0.59201386601863903
 0.5920137460305156
 0.59201361948266695
 0.59201348600511605
 0.59201334520626303
 0.59201319667208552
 0.59201303996455457
 0.59201287462081842
 0.59201270015105323
 0.59201251603725424
 0.5920123217316714
 0.59201211665510634
 0.59201190019458394
 0.59201167170228342
 0.59201143049259652
 0.59201051712262887
 0.59200956859325082
 0.59200858327697148
 0.59200755946217953
 0.5920064953473636
 0.5920053890360607
 0.59200423853269735
 0.59200304173577434
 0.59200179643264361
 0.59200050029342655
 0.5919991508646093
 0.59199774556265305
 0.59199628166618412
 0.59199475630998677
 0.59199316647908162
 0.59199150900048336
 0.59198978054011331
 0.59198797759902833
 0.59198609651326195
 0.5919841334611341
 0.59198208447456668
 0.59197994546753452
 0.59197771227701768
 0.59197538073518552
 0.59197294677265389
 0.59197040657194278
 0.59196775678913227
 0.59196499485754195
 0.59196211941073573
 0.5919591308371599
 0.59195603201622493
 0.5919528292530355
 0.59194953345513179
 0.59194616156083435
 0.59194273823783183
 0.59193929782576926
 0.5919358864671137
 0.59193256430946017
 0.59192940757736434
 0.59192651020960541
 0.59192398461239193
 0.59192196088188531
 0.59192058364470468
 0.59192000534302491
 0.59192037445740064
 0.59192181672185029
 0.5919244068165973
 0.59192812740952028
 0.59193281153165345
 0.59193806328202581
 0.59194315053329638
 0.5919468616702297
 0.59194731640230247
 0.59194171825496966
 0.59192603427879631
 0.59190256699563082





