 3.04013459e+05 8.10000000e+01 1.58000000e+02 1.41460380e+07 2.99158599e+05
 2.91637434e+05 1.00300000e+03 1.79100000e+03 1.05005287e+04 2.99158599e+05
 4.07071733e+05 1.00000000e+00 2.00000000e+00 1.31862084e+04 1.31862084e+04
 4.07071733e+05 1.00000000e+00 2.00000000e+00 1.31862084e+04 1.31862084e+04
 2.72129578e+05 3.10000000e+01 6.40000000e+01 5.04314633e+06 2.00970256e+05
 2.68794931e+05 4.12000000e+02 7.22000000e+02 7.86564553e+04 2.00970256e+05
 2.72157769e+05 4.50000000e+01 9.10000000e+01 2.18350452e+05 3.01015189e+05
 2.69451937e+05 8.11000000e+02 1.43900000e+03 1.75980844e+04 3.01015189e+05
 3.30129675e+05 1.80000000e+01 2.05000000e+02 3.23381762e+06 2.99158599e+05
 3.30129675e+05 1.80000000e+01 2.05000000e+02 3.23381762e+06 2.99158599e+05
 4.07071733e+05 1.00000000e+00 2.00000000e+00 1.31862084e+04 1.31862084e+04
 4.07071733e+05 1.00000000e+00 2.00000000e+00 1.31862084e+04 1.31862084e+04
 2.71339206e+05 1.00000000e+01 1.30000000e+02 3.62513957e+05 2.00970256e+05
 2.71339206e+05 1.00000000e+01 1.30000000e+02 3.62513957e+05 2.00970256e+05
 2.76000375e+05 5.00000000e+00 9.30000000e+01 6.15515430e+05 3.01015189e+05
 2.76000375e+05 5.00000000e+00 9.30000000e+01 6.15515430e+05 3.01015189e+05
