# Created by Octave 5.2.0, Thu Sep 03 16:39:08 2020 CEST <tkanas@tkanas>
# name: solutions
# type: cell
# rows: 1
# columns: 8
# name: <cell-element>
# type: matrix
# rows: 401
# columns: 1
 0.46551091623843188
 0.50888888640097285
 0.46258815057849895
 0.49283976836358639
 0.49681886570934158
 0.50038319877379112
 0.50352636350164748
 0.50624538772323535
 0.50853920924408147
 0.53246608259472861
 0.51198071943023138
 0.51303681296064785
 0.51370380534005833
 0.51399913226432559
 0.51394151889264028
 0.51355172176449149
 0.51285209351683148
 0.51186614775138362
 0.51061813971175551
 0.50913267451233235
 0.50743435108956436
 0.50554744700725207
 0.50349564670015345
 0.5013018137192683
 0.49898780595885778
 0.49657433167497278
 0.4940808432692555
 0.49152546524815965
 0.48892495243492334
 0.48629467433158896
 0.48364862146836701
 0.48099942956762587
 0.47835841731070416
 0.47573563336621644
 0.47313990795023581
 0.47057890338517527
 0.46806073680052246
 0.45599802851794097
 0.46327448800194065
 0.46085050917105491
 0.45848738681084317
 0.4561863957042821
 0.45394962247132598
 0.45177855072652384
 0.44967414551602719
 0.44763692474861555
 0.44566702089342031
 0.44376423502708007
 0.44192808460021654
 0.44015784585195589
 0.43845259153539184
 0.43681122445872683
 0.43523250725085361
 0.43371508869720815
 0.43225752695788816
 0.43085830994984919
 0.42951587315468043
 0.42822861509706006
 0.42699491072339557
 0.42581312289331208
 0.42468161218178752
 0.42359874517809681
 0.42256290145078745
 0.42157247933193837
 0.42062590066727623
 0.41972161465940777
 0.41885810092031023
 0.41803387184217289
 0.41724747437873533
 0.41649749132349229
 0.41578254215927274
 0.41510128354767334
 0.41445240951646062
 0.41383465139581704
 0.41324677755163802
 0.41268759295260593
 0.41215593860769334
 0.41165069089973844
 0.41117076084501958
 0.41071509329615652
 0.41028266610829045
 0.40987248928288345
 0.4094836041009885
 0.40911508225715187
 0.40876602500060955
 0.40843556229135553
 0.40812285197405174
 0.40782707897649645
 0.40754745453107499
 0.40728321542364643
 0.40703362326976872
 0.40679796381891958
 0.40657554628450587
 0.40636570270268241
 0.4061677873143863
 0.40598117597347244
 0.40580526557796148
 0.40563947352104973
 0.40548323716470625
 0.40533601332985408
 0.40519727780486203
 0.40506652486933131
 0.40494326683264309
 0.4048270335840925
 0.40471737215771009
 0.40461384630476932
 0.40451603607903236
 0.40442353742961606
 0.40433596180278342
 0.40425293575316679
 0.404174100560729
 0.40409911185985165
 0.40402763926376994
 0.40395936602112836
 0.4038939886571612
 0.40383121663646804
 0.40377077203213846
 0.40371238920523123
 0.40365581482506852
 0.40651669222300241
 0.41385397553145636
 0.41394105806997233
 0.41403012791605343
 0.41411972083354642
 0.60988684485162803
 0.60087106992282846
 0.59322160013230618
 0.59110409474077841
 0.59209611812569651
 0.58960046193192039
 0.59387404116101317
 0.59147473841389686
 0.59178922221256758
 0.59118309930666257
 0.59353882501805555
 0.59132329376155235
 0.59271254637110571
 0.58998982512290365
 0.59243206950455607
 0.59069250114696459
 0.59285744983896604
 0.59235593818583376
 0.5906290859142137
 0.59256667535783702
 0.59269344773490007
 0.59155818605649912
 0.5902525678891084
 0.59335929101734897
 0.5925461372187808
 0.59157420961780061
 0.59477329390072065
 0.58994618952107614
 0.58928535961734341
 0.59339132427422892
 0.59291664661942722
 0.59248180790067084
 0.59209762211789729
 0.59175746239790916
 0.59145256573271809
 0.59117816433410053
 0.59094896463374935
 0.59075963387732588
 0.59060038918895086
 0.59046712171200721
 0.59035719733156944
 0.59026837595663884
 0.59019863441110865
 0.59014613120000081
 0.59010918754011688
 0.59008627137837566
 0.59007598321890919
 0.59007704348584844
 0.59008828123316415
 0.59010862403450004
 0.59013708892308292
 0.59017277425311521
 0.59021485238033322
 0.59026256306661606
 0.59031520753653721
 0.59037214310470454
 0.5904327783201031
 0.59049656857102628
 0.59056301209989182
 0.59063164638999099
 0.59070204488174949
 0.59077381399023543
 0.59084659038958864
 0.59092003854111674
 0.5909938484389673
 0.59106773355533548
 0.59114142896253929
 0.59121468961848389
 0.59128728879798353
 0.59135901665773394
 0.59142967892125586
 0.59149909567448
 0.59156710025973369
 0.59163353826228826
 0.59169826657768443
 0.59176115255554129
 0.59182207321141789
 0.59188091450122193
 0.5919375706536939
 0.59199194355437401
 0.59204394217714396
 0.59209348206082324
 0.59214048482462156
 0.59218487772099782
 0.5922265932227887
 0.59226556864005842
 0.59230174576696815
 0.59233507055392443
 0.59236549280454454
 0.5923929658948256
 0.59241744651267025
 0.59243889441672792
 0.59245727221332067
 0.59247254514907244
 0.59248468091862594
 0.59249364948760164
 0.59249942292728808
 0.59250197526217563
 0.59250128232932353
 0.59249732164733571
 0.59249007229632134
 0.59247951480579353
 0.59246563105156513
 0.59244840415589783
 0.59242781838072234
 0.59240385897612735
 0.59237651188714302
 0.59234576307890674
 0.59231159704879366
 0.59227399395012292
 0.59223292510806869
 0.59218834803350451
 0.59214020446089388
 0.59208842796458971
 0.59203297260255228
 0.59197388218546765
 0.59191139788178859
 0.59184592383243484
 0.59177755353456241
 0.59170583683472355
 0.59163042457875714
 0.59155105738865721
 0.59146652354168672
 0.59138102313788976
 0.59131043154237306
 0.59125362287377881
 0.59120761073050609
 0.59115405016271982
 0.59127398741461457
 0.59152532421800919
 0.59165504148692061
 0.59178823826181048
 0.59205128126287032
 0.59248150762630436
 0.59273935600673022
 0.59270993166349173
 0.5925509341216455
 0.5923615754774193
 0.59216903935441767
 0.59197699260302339
 0.59178314135774912
 0.59157921414473313
 0.59135003825393495
 0.59118141770069288
 0.59104047313902475
 0.59090328564029304
 0.59101711747297492
 0.59190560028183492
 0.59244931971858072
 0.59235502331354128
 0.59208460421255926
 0.59180365882167862
 0.59154258245354541
 0.59134014211952912
 0.59127562345338791
 0.59153692313824091
 0.59203531413591093
 0.59202535909080189
 0.59173322441300868
 0.5915025271950336
 0.5918555486127739
 0.59253554969308575
 0.5924247106859073
 0.59211428569348779
 0.59181327538330442
 0.59151347952927902
 0.59127799348095111
 0.59118600600460891
 0.59149927242411893
 0.59193390460148021
 0.59179321365927318
 0.59166589500394384
 0.59206829717727494
 0.59217476633053767
 0.59187095594848238
 0.59154273279138647
 0.59149976176005359
 0.59228002921974998
 0.59236056053123476
 0.59204073960189285
 0.59171037403701354
 0.59141708494997047
 0.59120337506461251
 0.59143088420884404
 0.59197701200189912
 0.59187615999339649
 0.59160108481146101
 0.59136520491171474
 0.59110772044335902
 0.59078810598731579
 0.59046261145842716
 0.59014950934948129
 0.58984961221809384
 0.58956209379032332
 0.58928625711504012
 0.58902158575737973
 0.58876771439645137
 0.58852440406586826
 0.58829152269685281
 0.58806902971250452
 0.58785696371887808
 0.58765543258818964
 0.58746460539881351
 0.58728470583264991
 0.58711600671632658
 0.58695882547455647
 0.58681352030405609
 0.58668048692460995
 0.58656015578585008
 0.58645298964287684
 0.58635948140915817
 0.58628015223337715
 0.58621554973234125
 0.58616624633431413
 0.58613283767935509
 0.58611594103366516
 0.58611619366521961
 0.58613425113390927
 0.58617078543530632
 0.58622648293772828
 0.58630204203882086
 0.58639817045109488
 0.58651558202075538
 0.58665499294723622
 0.58681711726154173
 0.58700266137819346
 0.58721231750033698
 0.5874467556120242
 0.58770661372577815
 0.58799248598729059
 0.58830490814342351
 0.58864433977371844
 0.58901114254661302
 0.58940555359084101
 0.589827652873541
 0.59027732320505266
 0.59075420119165478
 0.5912576170431183
 0.59178652067091742
 0.59233939089353704
 0.59291412381862496
 0.5935078955281573
 0.59411699302593124
 0.5947366059465059
 0.59536056971706441
 0.59598104859122392
 0.59658814417215977
 0.59716941153409886
 0.59770926072113817
 0.59818821604539407
 0.59858199901142717
 0.59886039265895286
 0.59898583537659911
 0.59891168063423195
 0.59858004546386667
 0.59791915501037718
 0.59684007350375012
 0.59523277925885454
 0.59297009816142943
 0.5903304091320789
 0.59175400658594002
 0.59239130478225588
 0.59390562507328881
 0.58971194212675559
 0.59632299946957401
 0.58067658653630128
 0.59757203386258662
 0.57145864230761079
 0.53983882779267978
 0.50151074013046582
 0.45509741145919586
 0.39909486334163613
 0.33195321930761323
 0.25227026008746345
 0.15919159828600241
 0.053447823892973451
 0



# name: <cell-element>
# type: matrix
# rows: 401
# columns: 1
 0.077636399166304257
 0.087742623719127194
 0.07817776112116491
 0.085585496271581393
 0.087342061297585288
 0.089103210383671333
 0.090866915587617211
 0.092630793468149758
 0.094392202458234209
 0.10272383322364875
 0.098012870584896383
 0.099749462993648022
 0.10147222367715127
 0.10317852847583629
 0.10486588844026258
 0.10653198071762486
 0.10817466048097028
 0.10979196594334448
 0.11138211799607727
 0.11294351577520811
 0.11447472935091987
 0.11597449045034722
 0.11744168200756634
 0.11887532713102926
 0.12027457793229863
 0.12163870454045472
 0.12296708452184042
 0.12425919283458724
 0.12551459239834536
 0.12673292528715846
 0.12791390455557841
 0.12905730664031273
 0.13016296427801227
 0.13123075987499752
 0.13226061922617249
 0.13325250545090828
 0.13420643333415266
 0.12600938269948916
 0.13594239085599866
 0.13678437602314142
 0.13758859637489748
 0.13835512114582937
 0.1390840425256476
 0.13977545165860422
 0.14042943447929529
 0.14104606738448755
 0.14162541278716001
 0.14216751456656179
 0.14267239342524826
 0.14314004214863305
 0.14357042077618576
 0.14396345166316285
 0.14431901444183404
 0.14463694086288043
 0.14491700951460265
 0.14515894040683719
 0.1453623894102806
 0.14552694253589665
 0.14565211004207479
 0.145737320354208
 0.14578191377951424
 0.1457851359932372
 0.14574613128661679
 0.14566393554002743
 0.14553746890853747
 0.14536552818647547
 0.1451467788269821
 0.14487974658477057
 0.14456280875147914
 0.14419418495474751
 0.14377192748679615
 0.1432939111398345
 0.14275782252727104
 0.14216114889237164
 0.14150116643947294
 0.14077492828845867
 0.13997925228653968
 0.13911070913795101
 0.13816561177041689
 0.13714000767022616
 0.13602967745509784
 0.13483014581299846
 0.13353671622255825
 0.13214455074455839
 0.12995296140225135
 0.63239102414230042
 0.62769843470807218
 0.62362860731713354
 0.62006021772093611
 0.61690842257858147
 0.61410628301984627
 0.61160057825232728
 0.60934857284454991
 0.60731558188580848
 0.60547315088824161
 0.60379769386462512
 0.60226946860609631
 0.60087179954482561
 0.59959048295690931
 0.59841332729125973
 0.59732979440973155
 0.59633071685422623
 0.59540807290823916
 0.59455480600715671
 0.59376467992229121
 0.59303223607582201
 0.59235339494071804
 0.59172760932143031
 0.5911755323504817
 0.59096275335723059
 0.59192660424135934
 0.59291861101266685
 0.59255807627705659
 0.59204761606549616
 0.59162023782393292
 0.59119922009514092
 0.5910329560124834
 0.5917185915470845
 0.59275914433372645
 0.59260206022402728
 0.59219380853267944
 0.59179785905567761
 0.59143493411584658
 0.59124339097067879
 0.59113385486867842
 0.59153720726435688
 0.59152748953764422
 0.59182438592367326
 0.5919268934600207
 0.59193662128078905
 0.59192393202289351
 0.59188753248931614
 0.59184545208694816
 0.59182526232783916
 0.5917738125463371
 0.59173926967696522
 0.59174262390044174
 0.59169558362771024
 0.59161427180529336
 0.5915634228404163
 0.59151071327883953
 0.59141127790456083
 0.59129362902952054
 0.59117823016845905
 0.5910704505029265
 0.59097081283214181
 0.5908788415414794
 0.59079394006277475
 0.59071554090618017
 0.59064311595365915
 0.60058621735597617
 0.5908079180981215
 0.59122094524244784
 0.59146466181623147
 0.59153897235377162
 0.59161551258340028
 0.591635139966878
 0.59159562561675616
 0.59153353579552503
 0.59146874042180064
 0.59140747907524971
 0.59135101265511347
 0.59129925933507499
 0.59125186383807726
 0.59120845375412534
 0.59116868804557376
 0.59113226086629034
 0.59109889789943448
 0.59106835232243504
 0.59104040135185743
 0.59101484333869791
 0.59099149530295902
 0.59097019082286917
 0.59095077822098185
 0.59093311899117595
 0.59091708643589125
 0.59090256447533596
 0.59088944660702425
 0.59087763498967627
 0.59086703963688358
 0.59085757769990532
 0.59084917283409322
 0.59084175463127642
 0.59083525811398907
 0.59082962327918953
 0.59082479469153748
 0.59082072111309047
 0.59081735516994671
 0.59081465305023495
 0.59081257422982592
 0.59081108122164827
 0.59081013934827331
 0.59080971653384573
 0.59080978311362453
 0.59081031165953812
 0.59081127681882073
 0.59081265516982306
 0.59081442508290183
 0.59081656659840109
 0.59081906131108708
 0.59082189226391479
 0.59082504384979206
 0.59082850172188839
 0.59083225270868411
 0.59083628473719174
 0.59084058676104756
 0.59084514869329607
 0.59084996134510603
 0.59085501636819071
 0.59086030620077645
 0.5908658240193102
 0.59087156369091065
 0.59087751973117852
 0.59088368726365337
 0.59089006198339822
 0.59089664012064846
 0.59090341840934613
 0.5909103940562187
 0.59091756471317103
 0.59092492844870637
 0.59093248372464391
 0.59094022937163326
 0.59094816456712329
 0.59095628881465656
 0.59096460192386324
 0.59097310399169622
 0.59098179538461615
 0.59099067672188887
 0.59099974885938678
 0.59100901287325869
 0.59101847004663499
 0.59102812185341003
 0.59103796994540392
 0.59104801613848679
 0.59105826239900039
 0.59106871083095225
 0.59107936366294977
 0.59109022323511473
 0.5911012919869465
 0.59111257244317839
 0.59112406720232413
 0.59113577892237501
 0.59114771030757274
 0.59115986409537524
 0.59117224304155935
 0.59118484990596942
 0.59119768743789158
 0.5912107583598819
 0.5912240653519506
 0.59123761103447159
 0.59125139795002779
 0.59126542854588049
 0.59127970515282402
 0.59129422996590342
 0.59130900502231454
 0.5913240321779144
 0.59133931308348864
 0.59135484915892567
 0.5913706415658051
 0.59138669117907938
 0.59140299855588319
 0.59141956390371608
 0.59143638704542889
 0.59145346738344395
 0.59147080386015671
 0.59148839491766481
 0.59150623845361883
 0.59152433177476227
 0.59154267154780149
 0.59156125374748114
 0.59158007360049336
 0.59159912552680449
 0.59161840307721125
 0.59163789886686813
 0.59165760450449123
 0.59167751051801076
 0.59169760627532564
 0.59171787989937785
 0.59173831817988154
 0.59175890647792118
 0.59177962862591194
 0.59180046682125642
 0.591821401512998
 0.59184241128339499
 0.59186347272049888
 0.59188456028382597
 0.59190564616310282
 0.59192670012724802
 0.59194768936509279
 0.59196857831691652
 0.59198932849590802
 0.59200989829911843
 0.59203024280793326
 0.59205031357584326
 0.59207005840572069
 0.59208942111228968
 0.59210834127243495
 0.5921267539605185
 0.59214458946859982
 0.59216177301030926
 0.59217822440923384
 0.59219385776731637
 0.59220858111662877
 0.59222229605027732
 0.59223489733215118
 0.59224627248549344
 0.59225630135790586
 0.59226485566135834
 0.59227179848711098
 0.5922769837933779
 0.59228025586333244
 0.59228144873648314
 0.59228038561125174
 0.5922768782314104
 0.59227072628889454
 0.59226171693947294
 0.59224962467945674
 0.59223421215979288
 0.59221523308506108
 0.59219243907923946
 0.59216559264007385
 0.59213448649784362
 0.59209896371006532
 0.59205892232567991
 0.59201427826313335
 0.59196486056699915
 0.59191023544819266
 0.59184950344178466
 0.59178116034044692
 0.59170306452301435
 0.59161331730388678
 0.59152403133983111
 0.5914398330805124
 0.59134938942869242
 0.59133008845398682
 0.59149496854104822
 0.59139705649734242
 0.59127625276834872
 0.59152632996732202
 0.59225833164846209
 0.59229397947490459
 0.59203861498740906
 0.59174837868869556
 0.59150081942495436
 0.59170849816573201
 0.59236861669033303
 0.59221401692130171
 0.59180564704812488
 0.59138599283766857
 0.59142063346630658
 0.59250787425869444
 0.59219741906106416
 0.59162806439720406
 0.59115485535718526
 0.59197741236767898
 0.59181643962887576
 0.59139506619734816
 0.59158982483691935
 0.5918599229325292
 0.59238512967252965
 0.59188637943809896
 0.59137888296149177
 0.59173486997381219
 0.59184137283754101
 0.59180125430397723
 0.59177483962777933
 0.59184712994131061
 0.59176558129075918
 0.5917357619603909
 0.59163973815239357
 0.59149056133233724
 0.59313930202350562
 0.59506087660500906
 0.59219080258625145
 0.58927371015422658
 0.59128463826685174
 0.59092597821907777
 0.59218077476220154
 0.59468816300772565
 0.59112207371187075
 0.58723206760143531
 0.5951176585331448
 0.59217143816983442
 0.59093438626517159
 0.59184679826399689
 0.59171400466855517
 0.59222391049111123
 0.59149376719381697
 0.59215581695129305
 0.59156551668396562
 0.59185779476216926
 0.59163932125264762
 0.59181219599989909
 0.59188790932613145
 0.59174269451230155
 0.59190977447579252
 0.59158314336243911
 0.59200122479720085
 0.5816285573945863
 0.47038376951556204
 0.40000000000000002



# name: <cell-element>
# type: matrix
# rows: 401
# columns: 1
 0.2116784194056395
 0.4003163726551765
 0.40498625525515514
 0.40932940638084142
 0.41333426149929992
 0.41698900782112464
 0.42028299973372357
 0.42320759968692445
 0.42575683213503518
 0.42792784130578221
 0.42972115732295818
 0.43114078564406094
 0.43219414204894852
 0.43289185980759959
 0.43324749748596897
 0.43327717556197787
 0.43299916810496542
 0.4324334727580566
 0.43160137862916653
 0.43052504784862083
 0.42922712279535374
 0.42773036753994537
 0.42605734901559267
 0.42423016086953103
 0.42227019085503564
 0.42019793098877672
 0.41803282846222356
 0.41579317441124974
 0.4134960270684947
 0.41115716548250142
 0.4087910698570647
 0.40641092458225198
 0.40402864017777057
 0.40165489059168508
 0.39929916259208947
 0.39696981431081124
 0.39467414033914544
 0.39241844112036572
 0.3902080947113819
 0.3880476293059078
 0.38594079519589197
 0.38389063511528626
 0.38189955214158072
 0.37996937453648494
 0.37810141708370887
 0.37629653863158435
 0.37455519567266643
 0.3728774918965761
 0.37126322373367376
 0.36971192197218433
 0.36822288958312571
 0.36679523592120183
 0.36542790749827797
 0.36411971554138062
 0.36286936055612501
 0.3616754541230211
 0.36053653814531395
 0.35945110177212325
 0.35841759620162522
 0.35743444756954501
 0.35650006810789658
 0.35561286575393891
 0.35477125237143742
 0.35397365073781395
 0.35321850043523073
 0.35250426277307012
 0.35182942485821539
 0.35119250291605481
 0.35059204495759644
 0.35002663287737462
 0.34949488405632329
 0.34899545253890107
 0.34852702984220352
 0.34808834545184097
 0.34767816705022891
 0.34729530051828261
 0.34693858974775604
 0.3466069162940324
 0.3462991988981361
 0.34601439290129621
 0.34575148957273144
 0.34550951536860441
 0.3452875311371012
 0.3450846312836845
 0.34489994290569881
 0.34473262490906548
 0.34458186711153505
 0.34444688934154793
 0.34432694053793322
 0.34422129785416389
 0.34412926577218739
 0.34405017522794978
 0.34398338275225004
 0.34392826962712952
 0.34388424106154564
 0.34385072538515665
 0.34382717326328655
 0.34381305693166925
 0.34380786945244091
 0.34381112399144292
 0.34382235311633735
 0.34384110811578922
 0.34386695833936975
 0.34389949055786845
 0.34393830834381039
 0.34398303147137882
 0.3440332953354725
 0.34408875038972647
 0.3441490616025577
 0.34421390793073336
 0.34428298181167238
 0.34433131041317572
 0.63282228032508614
 0.62270948640277046
 0.61394035498199295
 0.60632318944945629
 0.59968494695313546
 0.59416315944053621
 0.59121197938499248
 0.58762425240218352
 0.59424387889735131
 0.59120971630966823
 0.59219030946330331
 0.59142427439657475
 0.59197075478603933
 0.59169021758425233
 0.59181956221306264
 0.59174626611246783
 0.59176904760327242
 0.59163341138122172
 0.59197574718102686
 0.59162438920081539
 0.59171762656511717
 0.59226120326469656
 0.59127833410081088
 0.59179570310220997
 0.59195870228632397
 0.59263088529563912
 0.59185708901370315
 0.59093027691254918
 0.59152315678187783
 0.59265661629564559
 0.59197502988967332
 0.59134785890536878
 0.59118200594133863
 0.59308926344033708
 0.59300421251070634
 0.5925681495353432
 0.5921723078749549
 0.59182054488202263
 0.59150365194214594
 0.59121817823312528
 0.59100686867742702
 0.5909184374997366
 0.59100615239257825
 0.59102899952285526
 0.59131851548041292
 0.5914151027364557
 0.59134758801287424
 0.59125225638823697
 0.59116544057374654
 0.5910937597302669
 0.59103704383506994
 0.59099392796574757
 0.59096297042716239
 0.59094283532016767
 0.59093230951074649
 0.59093029396483743
 0.59093579240706118
 0.59094790076415371
 0.59096579778315617
 0.59098873674959762
 0.59101603817470472
 0.59104708331499167
 0.59108130842804107
 0.5911181996552628
 0.59115728845890492
 0.59119814754129008
 0.59124038718124883
 0.59128365194625465
 0.59132761772396114
 0.5913719890464465
 0.59141649666578266
 0.5914608953568069
 0.59150496191978708
 0.59154849336427684
 0.59159130525091941
 0.59163323017920677
 0.59167411640157441
 0.59171382655561133
 0.59175223650102349
 0.59178923424854557
 0.59182471897771294
 0.59185860013120173
 0.59189079657973787
 0.59192123584537937
 0.591949853392846
 0.59197659197331909
 0.59200140100766097
 0.59202423602362364
 0.59204505813030162
 0.59206383353264058
 0.59208053307754793
 0.59209513183696183
 0.5921076087141055
 0.5921179460847279
 0.59212612945796983
 0.59213214716530749
 0.59213599007037943
 0.59213765130229956
 0.5921371260164876
 0.59213441118489718
 0.59212950543652032
 0.59212240897491075
 0.59211312362482393
 0.59210165308387852
 0.5920880034803685
 0.59207218430730224
 0.59205420976659351
 0.59203410044261218
 0.59201188522104498
 0.59198760357365121
 0.59196130883681031
 0.59193307395616712
 0.59190300185138323
 0.59187124335993435
 0.59183802742771074
 0.59180371506419172
 0.59176891506065332
 0.59173478921955203
 0.591703912694578
 0.59168235627569443
 0.59168219134534583
 0.59171420338661207
 0.59176080558800459
 0.59178441615655397
 0.59177703028532314
 0.59175414571806684
 0.59173186524369548
 0.59172048318193982
 0.59171978251582413
 0.59172138943225661
 0.59172443700925303
 0.59173555157936919
 0.59175130512203278
 0.59176427286622768
 0.5917814374147532
 0.59181520116915809
 0.59184669614461038
 0.59183902059298821
 0.59180113923791722
 0.59176416525141184
 0.59174543555071568
 0.59174075293239925
 0.59174500996254675
 0.59175527821140583
 0.59175976921072027
 0.59175773645743435
 0.59175132321093016
 0.59173676361182603
 0.59172383063061706
 0.59171557526403706
 0.59169353695775062
 0.59167561153071957
 0.5917028424658658
 0.59179797760816055
 0.59206082538841065
 0.59247961085282574
 0.59270727702832304
 0.59265740653687016
 0.59249274004360297
 0.59230552568088268
 0.59211890053261562
 0.59193561897896652
 0.59175464631904617
 0.59157504411496764
 0.59139889564516346
 0.59123463969596435
 0.59122834889498266
 0.59157975978707977
 0.59193556701187167
 0.59220238085999877
 0.5923595311434845
 0.59218257057089596
 0.59192443226619751
 0.59167016517977022
 0.59143520091831703
 0.59134544485860674
 0.59144069210224226
 0.59155919758597819
 0.59190711297994758
 0.59219725227427966
 0.59204538386590144
 0.59176441284287862
 0.59148706523594385
 0.59123291837499115
 0.59109576567810562
 0.59141790522061011
 0.59201723137360895
 0.59203885889938701
 0.59178728487115217
 0.5916349281411627
 0.59190944826513592
 0.59223523547603119
 0.5920973236951883
 0.59181783729183679
 0.59153476302265706
 0.59127449390123199
 0.59116925443144497
 0.59190247297801146
 0.59275171816281735
 0.59267572642746302
 0.59236842312471594
 0.59205580065335628
 0.59175986362777622
 0.5915106624579769
 0.59137767502449723
 0.59124433030436174
 0.59140268920664718
 0.5917895573363835
 0.59188760631458404
 0.59164226057415636
 0.59144644040687344
 0.5918619720751036
 0.59254666046615012
 0.59247635852549152
 0.59220877590867127
 0.59194133724576292
 0.59169533208468017
 0.59147321743090153
 0.59130354348362235
 0.5912582767595661
 0.59146092027154018
 0.59181515489277414
 0.59189813472749775
 0.59171875110877759
 0.59156891439378612
 0.59173558337143795
 0.59217938155301775
 0.59225761130550691
 0.59210890403835503
 0.59193361914357423
 0.59177443580145672
 0.59163838866550877
 0.59153248745557874
 0.59145552702904036
 0.59139007341553118
 0.59132778185139256
 0.59126687879676565
 0.59121330432100072
 0.59117197689615775
 0.59114483562740883
 0.59113238783545963
 0.5911346599694427
 0.59115152116879077
 0.59118275698715794
 0.5912280676725119
 0.59128704445572089
 0.59135913680815544
 0.59144361267940204
 0.59153951090040469
 0.59164558405003909
 0.59176022954515362
 0.59188140618607099
 0.5920065327438595
 0.59213236439667538
 0.59225484183729249
 0.59236890668349396
 0.5924682754664452
 0.59254516365120624
 0.59258995558606042
 0.59259085183761895
 0.59253368680388507
 0.59240253447283964
 0.59218267420602433
 0.59187584944424487
 0.59159626189429915
 0.59163916761287594
 0.59197180271254235
 0.59232439749266597
 0.59378333316865795
 0.5922784060439763
 0.58908267260053959
 0.5959032369027516
 0.59097685069540251
 0.58506248508679648
 0.59205194166732866
 0.58268342962955122
 0.57130008263457444
 0.55740780414422142
 0.54042207443268553
 0.51965587547871728
 0.49430951265037176
 0.46346419372885678
 0.42608119069305628
 0.38100830355381393
 0.32699605963626688
 0.26273483927694824
 0.18697025558780689
 0.098907284759364833
 0.017396052764631693



# name: <cell-element>
# type: matrix
# rows: 401
# columns: 1
 0.040644984915370511
 0.082278494538625277
 0.084006704525746628
 0.085742061182315019
 0.087484004694397238
 0.089231291595600698
 0.090982129170363926
 0.092734303940921373
 0.094485301798292468
 0.09623241580276394
 0.097972839573728918
 0.099703745551970049
 0.10142234838644756
 0.10312595434791408
 0.10481199811430324
 0.10647806849466425
 0.10812192477717604
 0.10974150536276538
 0.11133493025506459
 0.11290049882850661
 0.1144366841229584
 0.11594212470245581
 0.1174156149508077
 0.11885609447399623
 0.12026263713313635
 0.12163444009191647
 0.12297081314658662
 0.12427116851061136
 0.12553501116579058
 0.12676192982008494
 0.12795158848706031
 0.12910371866214665
 0.13021811205725056
 0.1312946138452884
 0.13233311635294226
 0.1333335531432368
 0.13429589342830453
 0.13522013675678329
 0.13610630792053255
 0.1369544520339166
 0.13776462974176273
 0.13853691252008518
 0.1392713780303291
 0.13996810550743483
 0.14062717114844805
 0.14124864348666774
 0.14183257873268423
 0.14237901606462608
 0.14288797285749355
 0.14335943984037305
 0.14379337616875321
 0.14418970440571646
 0.14454830539985092
 0.14486901305214026
 0.14515160896148357
 0.14539581693820605
 0.14560129737396654
 0.14576764145544779
 0.14589436520777771
 0.14598090335174599
 0.14602660295844022
 0.14603071688138233
 0.14599239694643223
 0.14591068687633904
 0.14578451492593697
 0.1456126862016712
 0.14539387463784323
 0.1451266145992928
 0.14480929208072132
 0.1444401354711401
 0.14401720585351221
 0.14353838681288419
 0.14300137373741931
 0.14240366261238493
 0.14174253834631292
 0.14101506273856562
 0.14021806232873293
 0.1393481166175122
 0.13840154760955478
 0.13737441248830171
 0.13626250282968649
 0.13506135672948325
 0.13376629573470861
 0.13237250872701425
 0.13088711903150654
 0.5437268998106578
 0.63192732563842868
 0.62480904887278577
 0.61875683073236343
 0.6135748310278335
 0.60910341713845506
 0.60521755196852967
 0.60181869380982889
 0.59882853812407066
 0.59618432306450619
 0.59384585188227279
 0.59197925088220171
 0.59188172970777819
 0.590821207930319
 0.59223056897252624
 0.59153581787865439
 0.59235348030510393
 0.59140618863519467
 0.59119850265787832
 0.59225161782598634
 0.59158389826018021
 0.59263150016068766
 0.59209438572646844
 0.59119470017191522
 0.59080180906272395
 0.5932968068860921
 0.59272413626332532
 0.59204416630873735
 0.59142088805561532
 0.59085949716704533
 0.59143778654988599
 0.59292227890572224
 0.59299215462037802
 0.59251491447482096
 0.59204290872934584
 0.5916124590949563
 0.59122061690160499
 0.59086416285307231
 0.59111801719561619
 0.59204077942729771
 0.59261355719241293
 0.59272814094745463
 0.59241524881200691
 0.59210207706025042
 0.59181646239602281
 0.59154956108195367
 0.5912734612232784
 0.59099163795430687
 0.59096055821290727
 0.59103881117046209
 0.59109099013768385
 0.59122374575345138
 0.59155388116534158
 0.59168543377243121
 0.5917230110050381
 0.59173044937261443
 0.59170844844515746
 0.5916830708111257
 0.59167611364757533
 0.59167544678629058
 0.59166137698405252
 0.59162740738001185
 0.59157701973576748
 0.59151888216010962
 0.5914604897689314
 0.5914058741013537
 0.59135650374206583
 0.59131258253126195
 0.59127383312703763
 0.59123984198251489
 0.59121018378926637
 0.59118445889375781
 0.59116230139438986
 0.59114337860567823
 0.59112738840428625
 0.59111405630937086
 0.59110313275796988
 0.59109439066241198
 0.59108762323875019
 0.59108264207569128
 0.59107927541827376
 0.59107736663315646
 0.59107677283880833
 0.59107736367473052
 0.59107902019708747
 0.59108163388310064
 0.5910851057310903
 0.59108934544818414
 0.59109427071306397
 0.59109980650587302
 0.59110588449994661
 0.59111244250687267
 0.5911194239704417
 0.59112677750319409
 0.59113445646547524
 0.59114241857529837
 0.59115062555553477
 0.59115904280616272
 0.59116763910615833
 0.59117638633722713
 0.59118525923159482
 0.59119423513855729
 0.5912032938094498
 0.59121241720119444
 0.59122158929233382
 0.59123079591662397
 0.59124002460693836
 0.59124926445251935
 0.59125850596674223
 0.59126774096589896
 0.59127696245577366
 0.59128616452779137
 0.59129534226382829
 0.59130449164681254
 0.59131360947854228
 0.59132269330543907
 0.59133174134655264
 0.59134075243048667
 0.5913497259357654
 0.5913586617346468
 0.59136756014269543
 0.59137642187174522
 0.59138524798630288
 0.59139403986328465
 0.59140279915444383
 0.59141152775234873
 0.59142022775815628
 0.59142890145216975
 0.59143755126652997
 0.59144617975947633
 0.59145478959204356
 0.59146338350654071
 0.59147196430533433
 0.59148053483221319
 0.59148909795470128
 0.59149765654754005
 0.59150621347676335
 0.59151477158539745
 0.59152333367942844
 0.59153190251504972
 0.59154048078563826
 0.59154907111050781
 0.59155767602337517
 0.59156629796150106
 0.59157493925464522
 0.59158360211589367
 0.59159228863069668
 0.59160100074708422
 0.59160974026641244
 0.59161850883347245
 0.59162730792703133
 0.59163613885002553
 0.59164500271943909
 0.59165390045694621
 0.59166283277887477
 0.59167180018557153
 0.59168080295107539
 0.59168984111246947
 0.59169891445798484
 0.59170802251641841
 0.59171716454420498
 0.59172633951355635
 0.59173554609891299
 0.59174478266367125
 0.59175404724629077
 0.59176333754441035
 0.5917726509003236
 0.59178198428414364
 0.59179133427675168
 0.59180069705177851
 0.5918100683569355
 0.59181944349362037
 0.59182881729729087
 0.59183818411342204
 0.59184753777638544
 0.59185687158470379
 0.59186617827436638
 0.59187544999384034
 0.59188467827371105
 0.59189385399873806
 0.59190296737515113
 0.59191200789862664
 0.59192096431891195
 0.59192982460309662
 0.59193857589814158
 0.591947204489088
 0.59195569575703988
 0.59196403413443544
 0.59197220305687603
 0.5919801849145746
 0.59198796099870565
 0.59199551144715767
 0.59200281518552988
 0.59200984986680327
 0.59201659180635635
 0.59202301591399742
 0.59202909562325989
 0.59203480281487353
 0.59204010773827853
 0.59204497892728514
 0.59204938311130983
 0.59205328512117239
 0.59205664778922129
 0.59205943184102894
 0.59206159577989526
 0.59206309575930327
 0.5920638854430057
 0.59206391584592033
 0.59206313515534859
 0.59206148852364915
 0.59205891782971498
 0.59205536140515358
 0.59205075372230997
 0.5920450250461583
 0.5920381010459449
 0.59202990236440767
 0.59202034411443782
 0.59200933525278143
 0.59199677773687043
 0.59198256533443638
 0.59196658194027707
 0.59194869930065064
 0.59192877423748125
 0.59190664602284748
 0.59188213601929951
 0.59185505514399961
 0.5918252309678379
 0.59179256981624007
 0.59175714149447545
 0.59171917845586985
 0.59167884474703125
 0.59163595903953592
 0.59159026440397333
 0.59154227085603772
 0.59149326007513225
 0.59145473646848656
 0.59149984270497991
 0.59166953514314202
 0.59169552844705764
 0.5916452284728424
 0.59160531514075798
 0.59158985814475373
 0.59155492284868139
 0.59155324235947671
 0.59172117258652124
 0.59203045983962732
 0.59240680612891017
 0.59260177768689581
 0.59253986831790451
 0.59235969851971382
 0.59214734109779166
 0.59192533905527189
 0.59169603105674096
 0.59146351325653246
 0.5912523092155908
 0.59111715193410919
 0.59129898652414292
 0.59156790205138376
 0.59170993258969473
 0.59158156629802405
 0.59154297560443614
 0.59212648012945768
 0.59206526516725289
 0.59171415960931362
 0.59164324610212915
 0.59191387390793004
 0.59170672072556529
 0.59170883448070266
 0.59183459763612545
 0.59180053635855145
 0.59187484419758063
 0.59220259962547361
 0.59210946464828507
 0.59151446755534232
 0.59141983398720188
 0.59191629749771457
 0.59178297471503927
 0.59186460707748079
 0.59182065387662086
 0.59183142399421174
 0.59175535216593289
 0.59184421594694392
 0.59177196041895785
 0.59182781970101539
 0.59184122842093712
 0.59183579674246312
 0.59183538983597939
 0.59183474133195035
 0.59181798692487053
 0.59177869562117047
 0.59171243551060326
 0.59171511365747775
 0.59203720813082183
 0.5927167892755647
 0.59402191794264481
 0.59218527499195883
 0.58900708687040748
 0.59077387913857304
 0.59376986372196627
 0.59188174897818902
 0.58857974739225982
 0.59522743146611978
 0.59078383060225659
 0.59318383929817842
 0.59069522753723458
 0.59249652308789436
 0.58985654856917136
 0.59543558970638943
 0.5876508434519776
 0.59661560326995111
 0.58333108659676525
 0.60019716678649893
 0.57870904059607475
 0.58950853677034376
 0.50248267336863561
 0.41803488185293508



# name: <cell-element>
# type: matrix
# rows: 401
# columns: 1
 0
 0
 0
 0
 0
 0
 0
 0
 0
 0
 0
 0
 0
 0
 0
 0
 0
 0
 0
 0
 0
 0
 0
 0
 0
 0
 0
 0
 0
 0
 0
 0
 0
 0
 0
 0
 0
 0
 0
 0
 0
 0
 0
 0
 0
 0
 0
 0
 0
 0.21590865523057332
 0.21590865523057332
 0.21590865523057332
 0.21590865523057332
 0.21590865523057332
 0.21590865523057332
 0.21590865523057332
 0
 0
 0
 0
 0
 0
 0
 0
 0
 0
 0
 0
 0
 0
 0
 0
 0
 0
 0
 0
 0
 0
 0
 0
 0
 0
 0.82055862634288557
 0.82055862634288557
 0.81829669915047687
 0.81829669915047687
 0.81829669915047687
 0.69659716262045035
 0.62742891388094557
 0.61647428616063804
 0.61389761240817375
 0.60576339089886944
 0.60691189830472114
 0.60691189830472114
 0.60691189830472114
 0.60691189830472114
 0.60691189830472114
 0.61221713471796613
 0.61167290178642586
 0.61167290178642586
 0.61146621499343934
 0.61146621499343934
 0.61146621499343934
 0.60473297087238975
 0.60464997111231256
 0.60464997111231256
 0.60464997111231256
 0.60464997111231256
 0.60464997111231256
 0.60464997111231256
 0.60464997111231256
 0.60464997111231256
 0.60464997111231256
 0.60464997111231256
 0.72367718470574549
 0.72367718470574549
 0.72367718470574549
 0.72367718470574549
 0.78474556791599914
 0.82101689283724211
 0
 0
 0
 0
 0
 0
 0
 0
 0
 0
 0
 0
 0.012986048927462831
 0.012986048927462831
 0.012986048927462831
 0
 0
 0
 0
 0
 0
 0
 0
 0
 0
 0
 0
 0
 0
 0
 0.81999867889240641
 0
 0.0097059077902181302
 0.0097059077902181302
 0
 0.21534870778009413
 0.21534870778009413
 0.21534870778009413
 0.2153487077800941
 0.21534870778009413
 0.21534870778009413
 0.21534870778009413
 0.21534870778009413
 0.21534870778009413
 0.21534870778009413
 0.21534870778009413
 0.036271324921243221
 0
 0
 0.079789224285307991
 0.079789224285307991
 0.079789224285307991
 0.079789224285307991
 0
 0
 0
 0
 0
 0
 0
 0
 0
 0
 0
 0
 0
 0.26501258730037219
 0.25576494600451066
 0.25576494600451066
 0.25576494600451066
 0.25576494600451066
 0.13171503099799486
 0.13171503099799486
 0.13171503099799486
 0.087637184183450928
 0.087637184183450928
 0.087637184183450928
 0.087637184183450928
 0.087637184183450928
 0.051365859262207707
 0.051365859262207707
 0.051365859262207707
 0.051365859262207707
 0.051365859262207707
 0.051365859262207707
 0.051365859262207707
 0.051365859262207707
 0.051365859262207707
 0.053627786454616501
 0.053627786454616501
 0.053627786454616501
 0.053627786454616501
 0.053627786454616501
 0.051365859262207707
 0.051365859262207707
 0.051365859262207707
 0.051365859262207707
 0.051365859262207707
 0.051365859262207707
 0.051365859262207707
 0.051365859262207707
 0.051365859262207707
 0.051365859262207707
 0.087637184183450928
 0.087637184183450928
 0.087637184183450928
 0.088655398128286836
 0.085375256991042134
 0.13171503099799486
 0.13171503099799486
 0.13171503099799486
 0.25576494600451066
 0.25576494600451066
 0.25576494600451066
 0.25576494600451066
 0.25576494600451066
 0
 0
 0
 0
 0
 0
 0
 0
 0
 0
 0
 0.016532269901353334
 0.016532269901353334
 0
 0
 0
 0
 0
 0
 0
 0
 0.21534870778009413
 0.21534870778009413
 0.21534870778009413
 0.21534870778009413
 0.21534870778009413
 0.21534870778009413
 0.21636692172493002
 0
 0
 0
 0
 0
 0
 0
 0
 0
 0
 0
 0
 0
 0
 0
 0
 0
 0
 0
 0
 0
 0
 0.82101689283724211
 0.82101689283724211
 0.81875496564483363
 0.81875496564483363
 0.81875496564483363
 0.81875496564483363
 0.81875496564483363
 0.81875496564483363
 0.76738910638262581
 0.76738910638262581
 0.76738910638262581
 0.76738910638262581
 0.76738910638262581
 0.76738910638262581
 0.76738910638262581
 0.76693083988826916
 0.76693083988826916
 0.76693083988826916
 0.76693083988826916
 0.76693083988826916
 0.76693083988826916
 0.76693083988826916
 0.76693083988826916
 0.76738910638262581
 0.76738910638262581
 0.76738910638262581
 0.76738910638262581
 0.76738910638262581
 0.76738910638262581
 0.76103112899585568
 0.76103112899585568
 0.76103112899585568
 0.76082444220286916
 0.76082444220286916
 0.76082444220286916
 0.75814146508676428
 0.75814146508676428
 0.75814146508676428
 0.75814146508676428
 0.75994512578481666
 0.75994512578481666
 0.75994512578481666
 0.75994512578481666
 0.75994512578481666
 0.75892691183998062
 0.75892691183998062
 0.75892691183998062
 0.75938517833433739
 0.75938517833433739
 0.75938517833433739
 0.75938517833433739
 0.81075103759654499
 0.81075103759654499
 0.81075103759654499
 0.81075103759654499
 0.81075103759654499
 0.81075103759654499
 0.81075103759654499
 0.81075103759654499
 0.81176925154138091
 0.81176925154138091
 0
 0
 0
 0
 0
 0
 0
 0
 0
 0
 0
 0
 0
 0
 0
 0
 0
 0
 0
 0
 0
 0
 0
 0
 0
 0
 0
 0
 0
 0
 0
 0
 0
 0
 0
 0
 0
 0
 0
 0
 0
 0
 0
 0
 0
 0
 0
 0
 0
 0
 0
 0
 0
 0



# name: <cell-element>
# type: matrix
# rows: 401
# columns: 1
 0
 0
 0
 0
 0
 0
 0
 0
 0
 0
 0
 0
 0
 0
 0
 0
 0
 0
 0
 0
 0
 0
 0
 0
 0
 0
 0
 0
 0
 0
 0
 0
 0
 0
 0
 0
 0
 0
 0
 0
 0
 0
 0
 0
 0
 0
 0
 0
 0
 0.18025729059983847
 0.18025729059983847
 0.18025729059983847
 0.18025729059983847
 0
 0
 0
 0
 0
 0
 0
 0
 0
 0
 0
 0
 0
 0
 0
 0
 0
 0
 0
 0
 0
 0
 0
 0
 0
 0
 0
 0
 0
 0
 0
 0
 0.65643311640022151
 0.65643311640022151
 0.65643311640022151
 0.65643311640022151
 0.65643311640022151
 0.65639916142790833
 0.65183375818704825
 0.64772822935539021
 0.64374605583505295
 0.64014131670884822
 0.63690782017022696
 0.63404874737399164
 0.63151083954220322
 0.62924924382231484
 0.62811383060181525
 0.62799916903919095
 0.62788972343004812
 0.62778458938857817
 0.62768289964543256
 0.62762207495855682
 0.62760045159200939
 0.62759447684363467
 0.627601290488223
 0.62761847225471779
 0.62764397261236871
 0.62767605288473982
 0.6277132346644162
 0.62775425691085041
 0.62779803941021106
 0.62784365151117694
 0.62789028523999502
 0.62759451481280482
 0.6268942294138472
 0.62619316777973522
 0.62576276534921049
 0.62578906942852408
 0.62581250732639759
 0.62583261775942167
 0.62584893480978698
 0.62586097810612762
 0.62586824352246628
 0.6258701942370738
 0.62586625201682733
 0.62585578860468349
 0.62585658380573239
 0.62585222460255363
 0.62583963959800426
 0.62581793085777659
 0.62578610770519272
 0.62574307672749274
 0.62568763117629489
 0.62561843962251451
 0.62551489994172527
 0.625391158358517
 0.62525042225594452
 0.62509154624620267
 0.62491329777990401
 0.6247142517313139
 0.6260270116332467
 0.6274237887849452
 0.62891447216459617
 0.62297675427912591
 0.61382042431416817
 0.60576736983215462
 0.59872089144646512
 0.59251253776459634
 0.58718968599870336
 0.5827182612497902
 0.57894108514270792
 0.57579769981607398
 0.57342566083053848
 0.57163135939973586
 0.57030447253486405
 0.56940335193923819
 0.56889011914697474
 0.56873037780145141
 0.56889294981730909
 0.56934973542561551
 0.56778263882503899
 0.56642899898234433
 0.56527952073080356
 0.56432675833506352
 0.56356483609682306
 0.56297457749129243
 0.56255945240914018
 0.56230863791664909
 0.56221230761716234
 0.56226129897773336
 0.56229531640910524
 0.56243685118335451
 0.56260070260110495
 0.56294092075431423
 0.56344895464540123
 0.56393942441728029
 0.56389861288140652
 0.56532699788962903
 0.56673318213559498
 0.56811282313857536
 0.5694622753048374
 0.57077849392155844
 0.57205897105274706
 0.5733016759911167
 0.57450499921799547
 0.57566769864080991
 0.57678862358499927
 0.57784691350981465
 0.57887090602400881
 0.5798766546771853
 0.58086998465253303
 0.58175344103627891
 0.58257668196876211
 0.58340352671301865
 0.58422991144622372
 0.58505084166200572
 0.58586052829819779
 0.58665262943297591
 0.587420473265718
 0.5881572628402395
 0.58885626300248006
 0.58951097005177067
 0.5901151148133148
 0.59074337857284198
 0.59136574307294365
 0.59192682124883289
 0.59242517518516868
 0.59286272449734589
 0.59324133890414843
 0.59356280728772848
 0.59382884512487488
 0.59404110175620883
 0.59420116775419385
 0.59431058258127245
 0.59437084267059659
 0.59438340999540851
 0.5943497212238551
 0.59427119747829549
 0.59414925479967617
 0.59397867309665986
 0.59374889057558955
 0.59347700747829257
 0.59317342710835963
 0.59297118865252241
 0.5927506451792417
 0.59250657837333531
 0.59227819340806342
 0.59217791155591804
 0.59205860981262037
 0.59191822212960699
 0.5917546486516243
 0.59156574773556103
 0.59051279424801706
 0.58913425047404011
 0.5876799141072
 0.58611043352385284
 0.58446480106742127
 0.58274204400438556
 0.58094121984527547
 0.57906141499554831
 0.57710174384997048
 0.57511930950026602
 0.57317479362523271
 0.57113545887343564
 0.56901024666824518
 0.56679839773313445
 0.56449905544536838
 0.56211133916267442
 0.5596343498019305
 0.55706717351846069
 0.55440888422644441
 0.55165854545839743
 0.54881521184751425
 0.5458779304379745
 0.54284574196741864
 0.53972150463463031
 0.5365007411796624
 0.53322230574901675
 0.52984944378241916
 0.52651468466277673
 0.52427327595832696
 0.52192148074084554
 0.5194507035414615
 0.5168520888515683
 0.51411823066653817
 0.51385047125435068
 0.51473994455312
 0.51557854690552796
 0.51636894886178142
 0.51711357769812782
 0.51781471800754075
 0.51813860292509983
 0.51841746867934058
 0.5186554611336115
 0.51885641684533479
 0.51902388367204189
 0.5191611399994871
 0.5192712128727518
 0.51929197723583975
 0.5197304003633636
 0.52025876421421591
 0.52072889551528223
 0.52117766089490436
 0.52160182714461156
 0.52176019480475799
 0.5217389308424133
 0.52177844558195496
 0.52193207160474653
 0.52207153095463033
 0.5221974070019697
 0.52231024201578558
 0.52241054235213424
 0.52249877978713977
 0.52257539285545052
 0.52264078815902004
 0.522695341579416
 0.52274971160775052
 0.52281033261078957
 0.52285829040720533
 0.52289392658080236
 0.52336906029518149
 0.5238506534119034
 0.52427059629419814
 0.52460414582710535
 0.52487760167071695
 0.52509803419165246
 0.52521280712360141
 0.52515872537371455
 0.5250941055257452
 0.52501898996236118
 0.52493339433076069
 0.52483730784553395
 0.52473069352569146
 0.52461348836753818
 0.52448560345411499
 0.52434692400231697
 0.52419730934879727
 0.52384897534230745
 0.52342375092225524
 0.52303328089527112
 0.52267522024108681
 0.52228462007776233
 0.52190067876682777
 0.52154485191695699
 0.5212405883480522
 0.52105649351447547
 0.52118076331713425
 0.52144989954214693
 0.52189799355272859
 0.52223780612369841
 0.52192078193173286
 0.52136248468819879
 0.52078989157552136
 0.52020573491686017
 0.51986490379268113
 0.51981987236200478
 0.51975310387160012
 0.51966342137222288
 0.51954946058092522
 0.51929807196080846
 0.51900159574015581
 0.51866520500719615
 0.51804715135490986
 0.51728226655351905
 0.51647762644319883
 0.51563136498753015
 0.51474151777009236
 0.51380601418824146
 0.51282266704409862
 0.51178915808941017
 0.51070301724517919
 0.50956159189705852
 0.50836200058594339
 0.50710106213346873
 0.50576288336232578
 0.53828357294956164
 0.58025722417234826
 0.62440284586319716
 0.62388376654104216
 0.62337884291829337
 0.62302666545461338
 0.62261467596111242
 0.61940873301612265
 0.61600463239265435
 0.61275584741027123
 0.60965162244881743
 0.60671175791897092
 0.60390897920031139
 0.60122356658273512
 0.59864659676349341
 0.59616979561965422
 0.59378549628470989
 0.59148660221226379
 0.58926655284971241
 0.58764531011694954
 0.58624793990729229
 0.58475085572067942
 0.58315761103189445
 0.58146231448253072
 0.57965871967966309
 0.57774020390273184
 0.575699745518225
 0.57352990001183701
 0.5710490012224323
 0.56822905362684195
 0.56595855106736503
 0.56403294710640262
 0.56214655936592406
 0.56025735273143384
 0.55845182926030845
 0.55804255064451269
 0.55682348642242296
 0.55526039416937845
 0.55425011430163595
 0.55392517907234484
 0.55476542758493552
 0.55282365125423283
 0.43627510328560543



# name: <cell-element>
# type: matrix
# rows: 401
# columns: 1
 0
 0
 0
 0
 0
 0
 0
 0
 0
 0
 0
 0
 0
 0
 0
 0
 0
 0
 0
 0
 0
 0
 0
 0
 0
 0
 0
 0
 0
 0
 0
 0
 0
 0
 0
 0
 0
 0
 0
 0
 0
 0
 0
 0
 0
 0
 0
 0.00041370087797807634
 0.00041370087797807628
 0.12777480494574117
 0.12777480494574117
 0.12777480494574117
 0.12777480494574117
 0.12777480494574117
 0.12777480494574117
 0.12777480494574117
 0.12777480494574117
 0.12777480494574117
 0.12777480494574117
 0.12777480494574117
 0.12777480494574117
 0
 0
 0
 0
 0
 0
 0
 0
 0
 0
 0
 0
 0
 0
 0
 0
 0
 0
 0
 0
 0
 0
 0.72973597282201697
 0.72973597282201697
 0.72973597282201697
 0.72973597282201697
 0.61241640851720169
 0.61241640851720169
 0.61241640851720169
 0.61241640851720169
 0.61241640851720169
 0.61241640851720169
 0.61241640851720169
 0.61241640851720169
 0.61241640851720169
 0.61241640851720169
 0.61220956520988834
 0.61200270763922349
 0.61200270763922349
 0.61200270763922349
 0.61200270763922349
 0.61200270763922349
 0.61200270763922349
 0.61200270763922349
 0.61200270763922349
 0.61220956520988834
 0.61220956520988834
 0.61220956520988834
 0.61241640851720169
 0.61241640851720169
 0.61241640851720169
 0.61241640851720169
 0.61241640851720169
 0.61241640851720169
 0.72973597282201697
 0.72973597282201697
 0.72973597282201697
 0.72973597282201697
 0.72973597282201697
 0.72973597282201697
 0
 0
 0
 0
 0
 0
 0
 0
 0
 0
 0
 0
 0
 0
 0
 0
 0
 0
 0
 0
 0
 0
 0
 0
 0
 0
 0
 0
 0.25609606366318488
 0.25127712517391593
 0.25127712517391593
 0.25127712517391593
 0.25127712517391593
 0.25127712517391593
 0.25127712517391593
 0.25127712517391593
 0.25127712517391593
 0.25127712517391593
 0.25127712517391593
 0.25127712517391593
 0.25127712517391593
 0.25127712517391593
 0.25127712517391593
 0.25127712517391593
 0
 0.12274902314915886
 0.12274902314915886
 0.12274902314915886
 0.12274902314915886
 0.13395756086910054
 0.13395756086910054
 0
 0
 0
 0
 0
 0
 0
 0
 0
 0
 0
 0
 0.30211289649569772
 0.30211289649569772
 0.29069751546844269
 0.16836219319726192
 0.16836219319726192
 0.17358479447094061
 0.17358479447094061
 0.17358479447094061
 0.17358479447094061
 0.17358479447094061
 0.17358479447094061
 0.17358479447094061
 0.17358479447094061
 0.17358479447094061
 0.17358479447094061
 0.17358479447094061
 0.17358479447094061
 0.17358479447094061
 0.17358479447094061
 0.17337793690027581
 0.17337793690027581
 0.17337793690027581
 0.17337793690027581
 0.17337793690027581
 0.17337793690027581
 0.17337793690027581
 0.17337793690027581
 0.17317109359296251
 0.17317109359296251
 0.17317109359296251
 0.17317109359296251
 0.17317109359296251
 0.17317109359296251
 0.17317109359296251
 0.17317109359296251
 0.17317109359296251
 0.17317109359296251
 0.17317109359296251
 0.17317109359296251
 0.17317109359296251
 0.17317109359296251
 0.17317109359296251
 0.17317109359296251
 0.18437963131290425
 0.18437963131290425
 0.17915703003922553
 0.17915703003922553
 0.17915703003922553
 0.17915703003922553
 0.17915703003922553
 0
 0
 0
 0
 0
 0
 0
 0.011622238597919766
 0.011622238597919764
 0.011622238597919766
 0
 0
 0
 0
 0
 0
 0
 0
 0
 0
 0
 0.25630290697049818
 0.25630290697049818
 0.25609606366318488
 0.13376074139200414
 0.13376074139200414
 0.13376074139200414
 0.25630290697049818
 0.25630290697049818
 0.25630290697049818
 0
 0
 0
 0
 0
 0
 0
 0
 0
 0
 0
 0
 0
 0
 0
 0
 0
 0
 0
 0
 0
 0
 0.85207128082984629
 0.84704549903326387
 0.84704549903326387
 0.84704549903326387
 0.84704549903326387
 0.84704549903326387
 0.84704549903326387
 0.84704549903326387
 0.79641657101879537
 0.79641657101879537
 0.79641657101879537
 0.79641657101879537
 0.79641657101879537
 0.79662341432610873
 0.79662341432610873
 0.79662341432610873
 0.79662341432610873
 0.79662341432610873
 0.78562173417683179
 0.78562173417683179
 0.78562173417683179
 0.78562173417683179
 0.78562173417683179
 0.78562173417683179
 0.78562173417683179
 0.78562173417683179
 0.78562173417683179
 0.78562173417683179
 0.79044067266610085
 0.79044067266610085
 0.79044067266610085
 0.79044067266610085
 0.79044067266610085
 0.79044067266610085
 0.79044067266610085
 0.79044067266610085
 0.79044067266610085
 0.79044067266610085
 0.79044067266610085
 0.79044067266610085
 0.79044067266610085
 0.79044067266610085
 0.79044067266610085
 0.79044067266610085
 0.790233815095436
 0.790233815095436
 0.790233815095436
 0.790233815095436
 0.790233815095436
 0.790233815095436
 0.790233815095436
 0.790233815095436
 0.790233815095436
 0.71832057753141054
 0.71832057753141054
 0.71832057753141054
 0.71832057753141054
 0.71832057753141054
 0.71832057753141054
 0.71832057753141054
 0.85207128082984629
 0.85207128082984629
 0
 0
 0
 0
 0
 0
 0
 0
 0
 0
 0
 0
 0
 0
 0
 0
 0
 0
 0
 0
 0
 0
 0
 0
 0
 0
 0
 0
 0
 0
 0
 0
 0
 0
 0
 0
 0
 0
 0
 0
 0
 0
 0
 0
 0
 0
 0
 0
 0
 0
 0
 0
 0



# name: <cell-element>
# type: matrix
# rows: 401
# columns: 1
 0
 0
 0
 0
 0
 0
 0
 0
 0
 0
 0
 0
 0
 0
 0
 0
 0
 0
 0
 0
 0
 0
 0
 0
 0
 0
 0
 0
 0
 0
 0
 0
 0
 0
 0
 0
 0
 0
 0
 0
 0
 0
 0
 0
 0
 0
 0
 0
 0
 0.17415800119672284
 0.17415800119672284
 0.17415800119672284
 0.17415800119672287
 0
 0
 0
 0
 0
 0
 0
 0
 0
 0
 0
 0
 0
 0
 0
 0
 0
 0
 0
 0
 0
 0
 0
 0
 0
 0
 0
 0
 0
 0
 0
 0
 0.651363826705463
 0.651363826705463
 0.651363826705463
 0.651363826705463
 0.651363826705463
 0.6512328473644744
 0.64694786534077686
 0.6430922917675046
 0.63951285266695379
 0.63623762449779253
 0.63326253253211573
 0.63058285455185414
 0.62821930851052599
 0.62610396576851945
 0.62503163067714851
 0.62498038616828644
 0.62492973733249679
 0.62487920249716344
 0.62482835627927646
 0.62477680708675321
 0.62472418961709297
 0.62467016341324144
 0.62467332004266607
 0.62468180182551558
 0.62469321748431539
 0.62470685128453241
 0.62472213462808091
 0.62473861930564256
 0.62475595499014192
 0.62477387011670016
 0.62479215554678069
 0.62481065051974671
 0.62482923047946293
 0.62484779643232646
 0.62486626554949609
 0.62488456277099169
 0.62490076462546063
 0.6249125857215212
 0.62492394310183641
 0.62493473239706621
 0.62494780969101171
 0.62496304325412744
 0.62497721966070652
 0.62499008794221245
 0.62500134834518395
 0.6250106461788234
 0.62501756539265474
 0.62502162181309495
 0.62502225596693117
 0.62501882541498288
 0.62501059651126545
 0.62499673548725265
 0.62497629874192684
 0.62494822218035717
 0.6248971813540648
 0.62482910720668083
 0.62475196779693276
 0.62499213299902612
 0.62647899032131316
 0.62806348153423508
 0.62975273763271111
 0.6231940830884507
 0.61388695798062332
 0.60573886576380676
 0.59860143790807097
 0.59238572101824682
 0.58703279858635871
 0.58242250517125027
 0.5785088825969984
 0.57522902579691682
 0.57252531312246357
 0.57034501180961239
 0.5686399196626174
 0.56736603840750532
 0.56648327507397245
 0.56595516860174522
 0.56574863955997279
 0.5658337299211641
 0.56427071758257352
 0.56292435237496941
 0.56178316926095195
 0.56083769762934876
 0.56008013643673504
 0.55949456563679256
 0.55907615033826741
 0.55881830359951012
 0.5587105307307314
 0.5585051021747548
 0.5584454969993371
 0.55860209466031163
 0.55885915380169426
 0.55928457533905351
 0.55987790237331403
 0.56063060734493619
 0.5613109831470835
 0.56175517711240919
 0.56318809657566038
 0.56459399419886303
 0.56596907367634453
 0.56731013058146951
 0.56861449074897208
 0.5698799540301126
 0.57110474302238501
 0.57228745643463141
 0.57343039414476571
 0.57460708867231947
 0.57573709404531659
 0.57682002483329131
 0.5778543305989069
 0.57880627931095496
 0.57970885381867743
 0.58056299961456326
 0.58136912293377174
 0.58212630650682207
 0.58283840694896372
 0.58350664118645545
 0.58413226128807394
 0.58471654719056654
 0.5852608008200415
 0.58576634153901452
 0.586239145590013
 0.58670199374368159
 0.58710574075395539
 0.58746578793681481
 0.58779339740818626
 0.5880897594200325
 0.58835610028695162
 0.58859368517774246
 0.58880382183774793
 0.58898786519702861
 0.58914722290902177
 0.58928336178108565
 0.58939781519569368
 0.58949219150409038
 0.58956818349426943
 0.58962757902225804
 0.58967227293670865
 0.58970428053050095
 0.5897257528074249
 0.58973899405315489
 0.58973393893930237
 0.58969578626370922
 0.58968043227710187
 0.58965773677784461
 0.58962512280698676
 0.58958038755179809
 0.58952131795804341
 0.58944567717038032
 0.58935119188536156
 0.58923554030446823
 0.5890963408915979
 0.58792930047910907
 0.5865695164669561
 0.58512352476283291
 0.58357447647881611
 0.58195090012229922
 0.58025176959680913
 0.57847607960738157
 0.57662284411760212
 0.57469109505898719
 0.57269665681036497
 0.57066904175910638
 0.5685612140490317
 0.56637217812251184
 0.56410094273917699
 0.56174652007185533
 0.5593079250750953
 0.55678417499170618
 0.55417428900973664
 0.5514772880721871
 0.54869219483491605
 0.54581803379112614
 0.54285383155123301
 0.5397986172998962
 0.53665142342051086
 0.53341128630634171
 0.53007724736009665
 0.52664835405339383
 0.52405542805917205
 0.52173075971423644
 0.51929263990706054
 0.51673224697322073
 0.51404031254762406
 0.51176760325657633
 0.51266652203264995
 0.51351408019789924
 0.5143128564288707
 0.5150642005710363
 0.51577164275197052
 0.51639008901267713
 0.51686360293754596
 0.51729759386560714
 0.51769486893864269
 0.51805804680569467
 0.51838956960783633
 0.51869171395221159
 0.51892213641650797
 0.51910342852126201
 0.51965698405635141
 0.52009688571286017
 0.52048189071222994
 0.5208446883134672
 0.52116635550509793
 0.52129863348546768
 0.52141605328231511
 0.5215145346298371
 0.52165378381794503
 0.52177961602042977
 0.52189258748253964
 0.52199321912729724
 0.5220819965409953
 0.5221593713848639
 0.52222576278086574
 0.52228155864840653
 0.52232711698045675
 0.52239185543111355
 0.52244412583779631
 0.52248420388126993
 0.52251240915077368
 0.52252902895104691
 0.52253431929594008
 0.5225285058215986
 0.52251178462199777
 0.52248432300890058
 0.52244626019850759
 0.52239770792697027
 0.52233875099631366
 0.52226944775308382
 0.52218983050112455
 0.52209990585003874
 0.52199965500086509
 0.52188903397032671
 0.52176797375498685
 0.5216363804360723
 0.52149413522643273
 0.52134109446051347
 0.52117708952777231
 0.52100331997305604
 0.52084872809732585
 0.52068554912439413
 0.52051361069433189
 0.52033272362358041
 0.52014268187697066
 0.51994326525691004
 0.51984263754768589
 0.51973686788304074
 0.51962586118094189
 0.51950948565767419
 0.51906062971824696
 0.51859586569938332
 0.51811535246470275
 0.51761923645434538
 0.5171044338816847
 0.51690362313539817
 0.51667943505595848
 0.51643129190243409
 0.51615742071690485
 0.51580849982390076
 0.51535999491816276
 0.51487423101680496
 0.51430092167465169
 0.51356894640231154
 0.51279898107443345
 0.51198925918291682
 0.51113792225135035
 0.51024301309784248
 0.5093024669819487
 0.50831409946828476
 0.50727558916361848
 0.5061844524172141
 0.50503800539026533
 0.50383330624784617
 0.50256742317592773
 0.51380078305454169
 0.55474247614819949
 0.59785482773213994
 0.62032248330594142
 0.61978796400641367
 0.61924971624360281
 0.61876817662554151
 0.61708081069237231
 0.61347196985185937
 0.61003291206056587
 0.60675212728346961
 0.60361891249061972
 0.60062295565049395
 0.59779750617905314
 0.59509212127905609
 0.59249824721515587
 0.59000761158657911
 0.58761253265069757
 0.58530588301183684
 0.58308105800608734
 0.58173698027972043
 0.58030178013531364
 0.57877032265502648
 0.57713739737195735
 0.57539354180441826
 0.57353238265000406
 0.57155276067735739
 0.56944744247399925
 0.56720875887183808
 0.56482857872530512
 0.5625419469866848
 0.56094988433714565
 0.55939287427167816
 0.55786919741277963
 0.55637732347077473
 0.55618925330722224
 0.55496079020980937
 0.55382857650125827
 0.55296535879796227
 0.55264824499854426
 0.55299557706463331
 0.55338433735743076
 0.50889341725623072





