 3.12361182e+05 7.90000000e+01 1.56000000e+02 1.98392607e+05 2.99157971e+05
 2.74953387e+05 8.30000000e+01 1.59000000e+02 1.92696655e+07 2.22768920e+05
 3.04013459e+05 8.10000000e+01 1.58000000e+02 1.41460380e+07 2.99158599e+05
 2.74530805e+05 1.20000000e+02 2.36000000e+02 1.30658044e+06 2.22803837e+05
 2.93711907e+05 1.29000000e+02 2.56000000e+02 2.76573583e+05 2.99157097e+05
 2.74640530e+05 9.10000000e+01 1.79000000e+02 4.81404836e+06 2.22809181e+05
 3.27813143e+05 8.00000000e+00 9.20000000e+01 1.31080447e+06 2.99157971e+05
 2.75244069e+05 1.00000000e+01 1.27000000e+02 6.16515757e+05 2.22768920e+05
 3.30129675e+05 1.80000000e+01 2.05000000e+02 3.23381762e+06 2.99158599e+05
 2.74775091e+05 1.00000000e+01 1.23000000e+02 5.66821971e+05 2.22803837e+05
 3.31404211e+05 9.00000000e+00 1.06000000e+02 9.23880023e+05 2.99157097e+05
 2.74787422e+05 1.30000000e+01 1.66000000e+02 1.88669693e+06 2.22809181e+05
