# Created by Octave 5.2.0, Thu Sep 03 15:10:47 2020 CEST <tkanas@tkanas>
# name: solutions
# type: cell
# rows: 1
# columns: 12
# name: <cell-element>
# type: matrix
# rows: 201
# columns: 1
 1.4235995765653149
 1.4243453845819669
 1.5492820135651517
 1.6293025517693813
 1.7700565657885086
 1.7980187864520967
 1.8820032445616921
 1.9652866848058181
 2.0469473074616582
 2.1261675633147741
 2.2022588531964238
 2.2746732343296885
 2.3430047458765708
 2.4069825896832038
 2.466458487843552
 2.5213904873732123
 2.5718252275690507
 2.6178807418008008
 2.5704094836565008
 2.6962038985136725
 2.7302339049827538
 2.7607317243163281
 2.7879422577269
 2.8121088737650193
 2.8334669145904865
 2.852239125420672
 2.8752361238876118
 2.8924813863290777
 2.9062405591522542
 2.9183927857625984
 2.929107669375262
 2.938539956583953
 2.9468301437549531
 2.954105257890816
 2.9604797363163304
 2.9660563544574892
 2.9709271647619739
 2.9751744203919555
 2.9788714654408892
 2.9820835796242595
 2.9848687700798773
 2.9872785064104517
 2.9893583976658933
 2.9911488118036966
 2.9926854394460527
 2.9939998046053851
 2.9951197255807358
 2.9960697295164516
 2.9968714242285928
 2.9975438308918663
 2.9981036810792761
 2.9985656814873356
 2.9989427494837457
 2.9992462223967595
 2.999486043239898
 2.9996709253376639
 2.9998084980957551
 2.9999054359439228
 2.9999675722741208
 3
 3
 2.9999929199149769
 2.9999606407023229
 2.9999132379074105
 2.9998532321832201
 2.999782793068007
 2.9997037747811279
 2.9996177436775966
 2.9995259960816134
 2.9994295641062698
 2.9993292053744587
 2.9992253699572866
 2.9991181338297266
 2.999007081910213
 2.9988908442107567
 3
 2.9987088294631974
 2.9986465444866175
 2.9985803892623184
 2.998512517528193
 2.9984441840675542
 2.9983762316520042
 2.998309229904752
 2.9982435655271908
 2.9981795011907781
 2.9981172142218737
 2.9980568222265096
 2.9979984002440614
 2.9979419923792459
 2.9978876198094957
 2.997835286391886
 2.9977849826613001
 2.9977366887338817
 2.9976903764516658
 2.9976460109893015
 2.9976035520684587
 2.9975629548782496
 2.9975241707668645
 2.9974871477497502
 2.9974518308648674
 2.9974181623959804
 2.9973860819785343
 2.9973555265972536
 2.9973264304814262
 2.9972987249003586
 2.9972723378594899
 2.9972471936953435
 2.9972232125651952
 2.9972003098259874
 2.9971783952944504
 2.9971573723787408
 2.9971371370697275
 2.9971175767776197
 2.9970985689972136
 2.9970799797823968
 2.9970616620073534
 2.9970434533886423
 2.9970251742384661
 2.9970066249154921
 2.9969875829344206
 2.9969677996907231
 2.9969469967503799
 2.9969248616482997
 2.9969010431309364
 2.9968751457704577
 2.9968467238677516
 2.9968152745506629
 2.9967802299615176
 2.9967409484137479
 2.9966967043814932
 2.9966466771681697
 2.9965899380794228
 2.9965254359028157
 2.9964519804704248
 2.996368224050916
 2.9962726402840651
 2.9961635003326585
 2.9960388458838056
 2.9958964585827137
 2.9957338254270098
 2.9955480995869537
 2.9953360560461348
 2.9950940413769565
 2.994817916874275
 2.9945029941674486
 2.9941439623145247
 2.993734805249737
 2.9932687083056644
 2.9927379523616002
 2.9921337939768651
 2.9914463296496399
 2.990664342094207
 2.9897751261490093
 2.988764291609443
 2.9876155399184929
 2.9863104112386023
 2.9848279979637233
 2.9831446202030465
 2.981233458169334
 2.9790641357253622
 2.9766022485696197
 2.973808829665963
 2.9706397435243508
 2.9670449998067641
 2.962967975442075
 2.9583445329655076
 2.9531020211252774
 2.9471581418913191
 2.9404196658239941
 2.9327809752729381
 2.9241224120296669
 2.9143084027957227
 2.9031853320828565
 2.8905791278515736
 2.8762925202212464
 2.8601019278279982
 2.8417539197158863
 2.8209611928361378
 2.7973979960582516
 2.7706949207583556
 2.7404329651380084
 2.7061367638996079
 2.6672668560251065
 2.6232108401533223
 2.5732732379894312
 2.5166638492457842
 2.4524843337947706
 2.3797126935377264
 2.2971852411984219
 2.2035755254384877
 2.0973695151049392
 1.9768361041831823
 1.8399916413213511
 1.6845566453377048
 1.5079020310848872
 1.3069808823126492
 1.0782400017304778
 0.81750431680274005
 0.51983700966860047
 0.17979258968249912
 0



# name: <cell-element>
# type: matrix
# rows: 201
# columns: 1
 3
 3
 3
 3
 3
 3
 3
 3
 3
 3
 3
 3
 3
 3
 3
 3
 3
 3
 3
 3
 3
 3
 3
 3
 3
 3
 3
 3
 3
 3
 3
 3
 3
 3
 3
 3
 3
 3
 3
 3
 3
 3
 3
 3
 3
 3
 3
 3
 3
 3
 3
 3
 3
 3
 3
 3
 3
 3
 3
 3
 3
 3
 3
 3
 3
 3
 3
 3
 3
 3
 3
 3
 3
 3
 3
 3
 3
 3
 3
 3
 3
 3
 3
 3
 3
 3
 3
 3
 3
 3
 3
 3
 3
 3
 3
 3
 3
 3
 3
 3
 3
 3
 3
 3
 3
 3
 3
 3
 3
 3
 3
 3
 3
 3
 3
 3
 3
 3
 3
 3
 3
 3
 3
 3
 3
 3
 3
 3
 3
 3
 3
 3
 3
 3
 3
 3
 3
 3
 3
 3
 3
 3
 3
 3
 3
 3
 3
 3
 3
 3
 3
 3
 3
 3
 3
 3
 3
 3
 3
 3
 3
 3
 3
 3
 3
 3
 3
 3
 3
 3
 3
 3
 3
 3
 3
 3
 3
 3
 3
 3
 3
 3
 3
 3
 3
 3
 3
 3
 3
 3
 3
 3
 3
 3
 3
 3
 3
 3
 3
 3
 3



# name: <cell-element>
# type: matrix
# rows: 401
# columns: 1
 1.476384957182586
 1.6683922001362628
 1.4941599323155572
 1.6370699654405567
 1.6751048300248603
 1.7137192793407736
 1.7528324730533464
 1.792349727627587
 1.8321622529632782
 1.9984235190163213
 1.9150061688979796
 1.9551222252829945
 1.995061530973548
 2.0347128407690929
 2.0739674080713479
 2.1127227498895866
 2.1508836097241582
 2.1883626537326037
 2.2250809368988729
 2.2609681705430122
 2.2959628181436735
 2.3300120432860334
 2.3630715314455983
 2.3951052059500819
 2.4260848574676177
 2.4559897054484989
 2.4848059088984749
 2.5125260425992422
 2.5391485534133227
 2.564677209684167
 2.5891205550585821
 2.6124913764203188
 2.63480619412451
 2.6560847814400659
 2.6763497191047279
 2.6956259902264996
 2.713943749199609
 2.5486823808609835
 2.746585557726843
 2.7620942597001896
 2.7767608503844641
 2.7906115226965378
 2.8036757457425705
 2.8159829754459045
 2.8275624326506001
 2.838442914944352
 2.848652636781654
 2.8582190934462042
 2.8671689450714597
 2.8755279174140922
 2.8833207163939738
 2.890570884241225
 2.9017561432295236
 2.9118735366129305
 2.9182823181947772
 2.9242876312483999
 2.9299112526025812
 2.9351741073691695
 2.9400962215244779
 2.9446967309777774
 2.9489938954385977
 2.9530051161207855
 2.9567469564819704
 2.9602351653277696
 2.9634847017160055
 2.9665097611856299
 2.9693238029085149
 2.9719395774258612
 2.9743691546833562
 2.9766239521258413
 2.9787147626509745
 2.9806517822556233
 2.9824446372378479
 2.9841024108423899
 2.985633669260169
 2.9870464869105908
 2.9883484709519763
 2.9895467849794399
 2.9906481718819187
 2.9916589758397767
 2.99258516345362
 2.9934323440023443
 2.9942057888344036
 2.9949104499017407
 2.9955509774502072
 2.9961317368833882
 2.9966568248201115
 2.9971300843678539
 2.9975551196357832
 2.9979353095131365
 2.9982738207386519
 2.9985736202880688
 2.9988374871065835
 2.99906802321338
 2.9992676642051022
 2.9994386891850557
 2.9995832301441601
 2.9997032808194533
 2.9998007050550424
 2.9998772446899267
 2.9999345269961886
 2.9999740716903491
 2.9999972975397582
 3
 3
 2.9999818636045936
 2.9999521930559223
 2.9999119887284706
 2.9998621823042373
 2.9998036410877464
 2.9997371720609491
 2.9996635256927018
 2.9995833995165446
 2.9994974414892228
 2.9994062531425492
 2.9993103925395803
 2.9992103770459235
 2.9991066859259199
 2.9989997627727356
 2.9988900177807496
 2.9987778298674219
 2.9986635486514537
 2.9985474962925913
 2.998429969197669
 2.9983112395960871
 2.9981915569866491
 2.9980711494559951
 2.9979502248670715
 2.9978289719134668
 2.9977075610331632
 2.9975861451713701
 2.9974648603782201
 2.9973438262220831
 2.997223145992395
 2.9971029066587489
 2.9969831785422816
 2.9968640146439491
 2.9967454495582038
 2.9966274978815286
 2.9965101520016679
 2.9963933791221553
 2.9962771173398983
 2.9961612705452456
 2.9960457018547184
 2.9959302252115401
 2.9958145946954073
 2.9956984909647337
 2.9955815041067559
 2.9954631119853015
 2.9953406366352278
 3
 2.995158911667279
 2.9951054424153529
 2.9950478315907492
 2.9949887953410159
 2.9949288733725496
 2.9948684955998495
 2.9948080041574974
 2.9947476709777949
 2.9946877118235111
 2.9946282974898755
 2.9945695627474427
 2.9945116134829224
 2.9944545324034713
 2.9943983835953221
 2.9943432161695656
 2.9942890671797588
 2.9942359639592211
 2.9941839259952019
 2.9941329664338676
 2.9940830932900582
 2.9940343104217439
 2.9939866183160215
 2.9939400147245001
 2.9938944951780133
 2.9938500534046093
 2.9938066816698581
 2.9937643710546751
 2.9937231116828849
 2.9936828929080468
 2.9936437034675629
 2.9936055316099339
 2.993568365200487
 2.9935321918091558
 2.9934969987838875
 2.9934627733119554
 2.9934295024714066
 2.9933971732741296
 2.9933657727021576
 2.9933352877379731
 2.9933057053899259
 2.9932770127133352
 2.9932491968278989
 2.9932222449320292
 2.9931961443141364
 2.993170882361547
 2.9931464465671014
 2.9931228245336712
 2.9931000039769069
 2.9930779727260499
 2.993056718723258
 2.9930362300212812
 2.993016494779785
 2.9929975012600032
 2.9929792378182491
 2.9929616928979561
 2.9929448550203119
 2.9929287127736228
 2.9929132548012753
 2.9928984697883831
 2.9928843464469801
 2.9928708734998435
 2.9928580396627886
 2.9928458336256027
 2.9928342440312088
 2.9928232594534334
 2.9928128683729391
 2.9928030591514294
 2.9927938200040636
 2.9927851389698508
 2.9927770038800974
 2.9927694023246021
 2.9927623216156536
 2.9927557487496279
 2.9927496703660399
 2.9927440727039096
 2.9927389415552463
 2.9927342622156292
 2.9927300194314239
 2.9927261973437758
 2.9927227794288291
 2.9927197484342103
 2.9927170863114365
 2.992714774143916
 2.9927127920703791
 2.9927111192033875
 2.9927097335426769
 2.9927086118828372
 2.9927077297151792
 2.9927070611232591
 2.992706578671668
 2.9927062532878201
 2.9927060541359762
 2.9927059484833545
 2.9927059015574651
 2.9927058763944765
 2.9927058336776744
 2.992705731565636
 2.992705525509288
 2.9927051680572814
 2.9927046086487334
 2.9927037933927787
 2.9927026648337964
 2.9927011617015702
 2.9926992186454355
 2.9926967659511767
 2.992693729239821
 2.9926900291469392
 2.9926855809813238
 2.992680294361711
 2.9926740728300474
 2.9926668134398935
 2.9926584063182609
 2.9926487341992756
 2.9926376719277892
 2.9926250859309258
 2.9926108336557311
 2.9925947629705232
 2.9925767115276503
 2.992556506085267
 2.9925339617853797
 2.9925088813854313
 2.9924810544403742
 2.9924502564320963
 2.992416247842745
 2.992378773168439
 2.9923375598694206
 2.9922923172526414
 2.9922427352824372
 2.992188483314568
 2.9921292087488394
 2.9920645355949169
 2.991994062945905
 2.9919173633535943
 2.991833981099187
 2.9917434303526855
 2.9916451932138415
 2.9915387176270096
 2.9914234151617736
 2.9912986586507548
 2.9911637796753996
 2.991018065889901
 2.9908607581728996
 2.9906910475958584
 2.9905080721962656
 2.9903109135431647
 2.9900985930815285
 2.9898700682413328
 2.9896242282961127
 2.9893598899547964
 2.9890757926697171
 2.9887705936424598
 2.9884428625079393
 2.9880910756761478
 2.9877136103092701
 2.9873087379107179
 2.9868746175009893
 2.9864092883536264
 2.9859106622628433
 2.9853765153125429
 2.984804479114362
 2.9841920314805024
 2.983536486494561
 2.9828349839415371
 2.9820844780551425
 2.981281725538516
 2.980423272810703
 2.9795054424289331
 2.9785243186328971
 2.9774757319539074
 2.9763552428280144
 2.975158124148134
 2.9738793426859411
 2.9725135393095918
 2.9710550079186664
 2.969497673012071
 2.9678350657995942
 2.9660602987611098
 2.9641660385517099
 2.9621444771435561
 2.959987301088383
 2.9576856587762972
 2.9552301255582858
 2.9526106665908953
 2.9498165972513997
 2.9468365409618658
 2.9436583842489763
 2.9402692288545276
 2.93665534069864
 2.9328020954836274
 2.928693920711773
 2.9243142338735972
 2.9196453765463262
 2.9146685441228395
 2.9093637108714936
 2.9037095500047339
 2.8976833484107103
 2.8912609156760096
 2.8844164869994784
 2.8771226195661073
 2.8693500819166671
 2.8610677358118637
 2.8522424100496284
 2.8428387656502516
 2.8328191517751544
 2.8221434516920247
 2.8107689180395834
 2.7986499965797735
 2.7857381375523018
 2.7719815936650511
 2.7573252036630138
 2.7417101603161798
 2.7250737615518053
 2.7073491433263936
 2.6884649926850281
 2.6683452392874094
 2.6469087234874835
 2.6240688388321054
 2.5997331465890863
 2.5738029596189107
 2.5461728925598237
 2.5167303748931231
 2.4853551229819342
 2.4519185666177878
 2.4162832249466129
 2.3783020258555947
 2.3378175619568644
 2.2946612751660362
 2.2486525604982845
 2.1995977780337785
 2.1472891599650756
 2.0915035971373035
 2.0320012864086485
 1.9685242163397296
 1.9007944639686298
 1.8285122694910743
 1.7513538482221258
 1.6689688898718746
 1.5809776834664706
 1.48696779174494
 1.3864901813828039
 1.2790546957248661
 1.1641247384966449
 1.0411110315999927
 0.90936434924986431
 0.76816729811089968
 0.61672572495161171
 0.45416174120053726
 0.27951405495637982
 0.092431971551900999
 0



# name: <cell-element>
# type: matrix
# rows: 401
# columns: 1
 3
 3
 3
 3
 3
 3
 3
 3
 3
 3
 3
 3
 3
 3
 3
 3
 3
 3
 3
 3
 3
 3
 3
 3
 3
 3
 3
 3
 3
 3
 3
 3
 3
 3
 3
 3
 3
 3
 3
 3
 3
 3
 3
 3
 3
 3
 3
 3
 3
 3
 3
 3
 3
 3
 3
 3
 3
 3
 3
 3
 3
 3
 3
 3
 3
 3
 3
 3
 3
 3
 3
 3
 3
 3
 3
 3
 3
 3
 3
 3
 3
 3
 3
 3
 3
 3
 3
 3
 3
 3
 3
 3
 3
 3
 3
 3
 3
 3
 3
 3
 3
 3
 3
 3
 3
 3
 3
 3
 3
 3
 3
 3
 3
 3
 3
 3
 3
 3
 3
 3
 3
 3
 3
 3
 3
 3
 3
 3
 3
 3
 3
 3
 3
 3
 3
 3
 3
 3
 3
 3
 3
 3
 3
 3
 3
 3
 3
 3
 3
 3
 3
 3
 3
 3
 3
 3
 3
 3
 3
 3
 3
 3
 3
 3
 3
 3
 3
 3
 3
 3
 3
 3
 3
 3
 3
 3
 3
 3
 3
 3
 3
 3
 3
 3
 3
 3
 3
 3
 3
 3
 3
 3
 3
 3
 3
 3
 3
 3
 3
 3
 3
 3
 3
 3
 3
 3
 3
 3
 3
 3
 3
 3
 3
 3
 3
 3
 3
 3
 3
 3
 3
 3
 3
 3
 3
 3
 3
 3
 3
 3
 3
 3
 3
 3
 3
 3
 3
 3
 3
 3
 3
 3
 3
 3
 3
 3
 3
 3
 3
 3
 3
 3
 3
 3
 3
 3
 3
 3
 3
 3
 3
 3
 3
 3
 3
 3
 3
 3
 3
 3
 3
 3
 3
 3
 3
 3
 3
 3
 3
 3
 3
 3
 3
 3
 3
 3
 3
 3
 3
 3
 3
 3
 3
 3
 3
 3
 3
 3
 3
 3
 3
 3
 3
 3
 3
 3
 3
 3
 3
 3
 3
 3
 3
 3
 3
 3
 3
 3
 3
 3
 3
 3
 3
 3
 3
 3
 3
 3
 3
 3
 3
 3
 3
 3
 3
 3
 3
 3
 3
 3
 3
 3
 3
 3
 3
 3
 3
 3
 3
 3
 3
 3
 3
 3
 3
 3
 3
 3
 3
 3
 3
 3
 3
 3
 3
 3
 3
 3
 3
 3
 3
 3
 3
 3
 3
 3
 3
 3
 3
 3
 3
 3
 3
 3
 3
 3
 3
 3
 3
 3
 3
 3
 3
 3
 3
 3
 3
 3
 3
 3
 3



# name: <cell-element>
# type: matrix
# rows: 301
# columns: 1
 0.65700171913021743
 0.74394352517375462
 0.667701763300525
 0.73323509781841845
 0.75217774527605363
 0.77161180825560893
 0.79150856342989895
 0.81183100595107294
 0.83253293876927748
 0.91123273133232741
 0.87633477109714764
 0.89790135822927908
 0.91961272064927102
 0.94140523750874172
 0.96321341843921793
 0.98497206856817454
 1.0066171620896514
 1.0280866383956915
 1.0493211140808232
 1.0702645038098499
 1.0908645437719389
 1.1110732132571592
 1.1308470524280341
 1.1501473772437145
 1.1689403953945812
 1.1871972297737852
 1.2048938582428645
 1.2220109801470109
 1.2385338211349548
 1.2544518883767757
 1.2697586882904666
 1.2844514185194509
 1.2985306452329279
 1.3119999760074328
 1.3248657377277691
 1.3371366679645251
 1.3488247793742119
 1.2689311791024607
 1.3697680316125223
 1.3797721639420573
 1.3892479640766635
 1.3982100218830806
 1.4066746563835164
 1.4146585632770203
 1.4221786261172256
 1.4292517535645723
 1.4358947394643986
 1.4421241427840084
 1.4479561848257734
 1.4534066613957999
 1.4584908677891077
 1.4632235222213779
 1.4699125884836286
 1.4759835226090368
 1.4800781463971195
 1.4839004546756449
 1.4874638574814196
 1.490781190325472
 1.4938647012247768
 1.4967260512822942
 1.49937631889617
 1.5018260068712967
 1.5040850518121167
 1.5061628352667753
 1.5080681961665792
 1.5098094441686547
 1.5113943735604169
 1.5128302774285796
 1.5141239618337066
 1.515281759759491
 1.5163095446327022
 1.5172127432306408
 1.5179963478058811
 1.5186649272713264
 1.5192226372914988
 1.5196732291287396
 1.5200200570859206
 1.5202660843735838
 1.5204138872113053
 1.5204656569400381
 1.5204231998771598
 1.5202879345870426
 1.5200608861531664
 1.5197426769217901
 1.5193335130337302
 1.5188331658366261
 1.5182409469817968
 1.5175556755957893
 1.516775635358083
 1.5158985185461096
 1.514921353045884
 1.5138404068750255
 1.5126510627760852
 1.5113476527313763
 1.5099232385858883
 1.5083693200342749
 1.5066754446560284
 1.5048286860153204
 1.5028129452824355
 1.5006006004228123
 2.9945441786446407
 2.9875230788723499
 2.9822854760595341
 2.9782295823336584
 2.9749997421860872
 2.9723701563552751
 2.9701906926004114
 2.9683577624901658
 2.9667977097077314
 2.965456850526544
 2.9642952467531725
 2.9632826722290107
 2.9623959214574782
 2.9616169692133689
 2.9609316877582694
 2.9603289417110483
 2.9597999487471012
 2.9593378376704189
 2.9589373655445619
 2.9585947796417607
 2.9583078332465846
 2.958075991760361
 2.9579009029410352
 2.9577872605001918
 2.9577459362023042
 2.9968758026780926
 2.9574179670910263
 2.9571404563801296
 2.9569338661775033
 2.9567832178452123
 2.9566797616299718
 2.9566176326357936
 2.9565928184580117
 2.9566025184338298
 2.9566447423867159
 2.9567180565235445
 2.9568214202848337
 2.9569540798017995
 2.9571154968670985
 2.9573053003892462
 2.9575232522277242
 2.9577692223279901
 2.9580431699372065
 2.9583451288385629
 2.9586751952614665
 2.9590335175776548
 2.9594202871815916
 2.9598357301368701
 2.960280099290828
 2.9607536666375429
 2.961256715762481
 2.9617895342375502
 2.9623524058590918
 2.9629456026381704
 2.9635693764632451
 2.9642239503632242
 2.9649095093031184
 2.9656261904469541
 2.9663740728261474
 2.967153166350744
 2.9679634001041837
 2.9688046098637746
 2.9696765247924484
 2.9705787532533141
 2.9715107677052051
 2.9724718886481343
 2.973461267599443
 2.9744778690975338
 2.975520451748114
 2.9765875483466262
 2.9776774451359547
 2.9787881602808404
 2.9799174216699384
 2.9810626441899455
 2.9822209066565173
 2.9833889286427113
 2.9845630475203597
 2.98573919613936
 2.9869128817257669
 2.9880791668075952
 2.989232653305709
 2.9903674714043995
 2.9914772755000456
 2.9925552505153346
 2.9935941332825928
 2.9945862557408893
 2.9955236196199619
 2.9963980164879715
 2.9972012130610621
 2.9979252302688346
 2.998562756786368
 2.9991077550021012
 2.9995563415692281
 2.9999080740867896
 3
 3
 3
 3
 2.9979547908618995
 2.9959515277220694
 1.5005387249166076
 1.5005848344679904
 1.5005916458229076
 1.5005724517335945
 1.5005347077131201
 1.5004855279812375
 1.50043153947319
 1.5003787828861614
 1.5003326453076606
 1.5002978131182123
 1.5002782374018966
 1.5002771070860941
 1.5002968273266266
 1.500339002278118
 1.5004044224311319
 1.5004930572697375
 1.5006040542180483
 1.5007357447981189
 1.5008856586975474
 1.5010505461094501
 1.5012264083163427
 1.5014085360832443
 1.5015915550372141
 1.5017694768672429
 1.5019357548967533
 1.5020833423766446
 1.502204751728571
 1.5022921129388469
 1.5023372293633366
 1.5023316293421618
 1.5022666122292538
 1.5021332876918816
 1.5019226074115948
 1.5016253885953201
 1.5012323289667397
 1.5007340131388616
 1.5001209104617637
 1.4993833645926233
 1.4985115751508256
 1.497495571903559
 1.4963251819809698
 1.494989990651542
 1.4934792961995582
 1.4917820594378957
 1.489886848368172
 1.4877817784587086
 1.4854544489589672
 1.4828918755985614
 1.4800804199435675
 1.4770057155931384
 1.4736525913104737
 1.4700049910909838
 1.4660458910838683
 1.4617572132051666
 1.4571197352083995
 1.4521129969196815
 1.4467152022898482
 1.4409031168703088
 1.4346519602755876
 1.4279352931522846
 1.4207248981332916
 1.4129906542059605
 1.4047004038725412
 1.3958198124238943
 1.3863122185801273
 1.3761384756787554
 1.3652567825071871
 1.3536225027819271
 1.3411879721703004
 1.3279022916330152
 1.3137111057327684
 1.2985563644035767
 1.2823760665077453
 1.2651039833092752
 1.2466693597578573
 1.2269965911953267
 1.2060048727439223
 1.1836078181957042
 1.1597130446692729
 1.1342217186006416
 1.1070280577571521
 1.078018782847973
 1.0470725108990286
 1.0140590807614551
 0.97883879881574498
 0.94126158994754383
 0.90116603497330461
 0.85837827057881932
 0.81271072109043252
 0.7639606225251282
 0.71190828780817739
 0.65631504746662905
 0.59692078311470043
 0.53344095541014258
 0.46556302666045579
 0.3929422282596422
 0.31519682700017337
 0.23190367329105704
 0.14259657205458284
 0.047116671314175379
 0



# name: <cell-element>
# type: matrix
# rows: 301
# columns: 1
 3
 3
 3
 3
 3
 3
 3
 3
 3
 3
 3
 3
 3
 3
 3
 3
 3
 3
 3
 3
 3
 3
 3
 3
 3
 3
 3
 3
 3
 3
 3
 3
 3
 3
 3
 3
 3
 3
 3
 3
 3
 3
 3
 3
 3
 3
 3
 3
 3
 3
 3
 3
 3
 3
 3
 3
 3
 3
 3
 3
 3
 3
 3
 3
 3
 3
 3
 3
 3
 3
 3
 3
 3
 3
 3
 3
 3
 3
 3
 3
 3
 3
 3
 3
 3
 3
 3
 3
 3
 3
 3
 3
 3
 3
 3
 3
 3
 3
 3
 3
 3
 3
 3
 3
 3
 3
 3
 3
 3
 3
 3
 3
 3
 3
 3
 3
 3
 3
 3
 3
 3
 3
 3
 3
 3
 3
 3
 3
 3
 3
 3
 3
 3
 3
 3
 3
 3
 3
 3
 3
 3
 3
 3
 3
 3
 3
 3
 3
 3
 3
 3
 3
 3
 3
 3
 3
 3
 3
 3
 3
 3
 3
 3
 3
 3
 3
 3
 3
 3
 3
 3
 3
 3
 3
 3
 3
 3
 3
 3
 3
 3
 3
 3
 3
 3
 3
 3
 3
 3
 3
 3
 3
 3
 3
 3
 3
 3
 3
 3
 3
 3
 3
 3
 3
 3
 3
 3
 3
 3
 3
 3
 3
 3
 3
 3
 3
 3
 3
 3
 3
 3
 3
 3
 3
 3
 3
 3
 3
 3
 3
 3
 3
 3
 3
 3
 3
 3
 3
 3
 3
 3
 3
 3
 3
 3
 3
 3
 3
 3
 3
 3
 3
 3
 3
 3
 3
 3
 3
 3
 3
 3
 3
 3
 3
 3
 3
 3
 3
 3
 3
 3
 3
 3
 3
 3
 3
 3
 3
 3
 3
 3
 3
 3
 3
 3
 3
 3
 3
 3
 3
 3
 3
 3
 3
 3
 3
 3
 3
 3
 3
 3



# name: <cell-element>
# type: matrix
# rows: 201
# columns: 1
 0.594933525611124
 1.2389333512859027
 1.3158570005523063
 1.3970647906714486
 1.4819473309028297
 1.569632501925728
 1.6590882485669753
 1.7492136367783946
 1.8389137254244743
 1.9271581688114579
 2.0130245396470388
 2.095727311221641
 2.1746335036926885
 2.2492664830808229
 2.3193000397188444
 2.3845453090712772
 2.4449331590364252
 2.5004943889756195
 2.5513396065131313
 2.5976401120443566
 2.6396106265782127
 2.6774942948441529
 2.7115500950977744
 2.7420425818000949
 2.7692337604207178
 2.7933768260318907
 2.8174460182861116
 2.8425660671418651
 2.8605893613541391
 2.8764907434617468
 2.8906318502384543
 2.9031952204640681
 2.9143473217404239
 2.9242392784699276
 2.9330077556851064
 2.9407759329576986
 2.9476545187929402
 2.9537427689849776
 2.9591294828015529
 2.9638939590007802
 2.968106899954571
 2.9718312569115644
 2.9751230129800788
 2.9780319029999913
 2.9806020713163077
 2.9828726697319334
 2.984878398746035
 2.9866499956811183
 2.9882146735576796
 2.9895965146524763
 2.9908168226293408
 2.9918944369986242
 2.9928460134721151
 2.9936862735571292
 2.9944282264927926
 2.995083366384613
 2.9956618471491381
 2.9961726376439555
 2.9966236591333217
 2.9970219070293038
 2.9973735586519661
 2.9976840685724047
 2.9979582529376541
 2.9982003640260291
 2.9984141561467537
 2.998602943873903
 2.9987696534967019
 2.9989168684679828
 2.999046869544054
 2.9991616702325259
 2.9992630480923315
 2.9993525723688261
 2.9994316283909828
 2.999501439108168
 2.9995630841009122
 2.9996175163603414
 2.999665577097423
 2.9997080088122177
 2.9997454668267363
 2.9997785294607855
 2.9998077070096016
 2.9998334496629897
 2.999856154489529
 2.9998761715945967
 2.9998938095483023
 2.9999093401679011
 2.9999230027291359
 2.9999350076723248
 2.9999455398607293
 2.9999547614421069
 2.9999628143578847
 2.9999698225391747
 2.9999758938236685
 2.9999811216233794
 2.9999855863690752
 2.9999893567539542
 2.9999924907958628
 2.999995036734656
 2.9999970337786404
 2.9999985127116995
 2.9999994963706018
 3
 3
 2.9999995915039208
 2.9999986734872723
 2.9999972635762107
 2.9999953403862945
 2.9999928746890081
 2.9999898289675841
 2.9999861568460382
 2.9999818023824685
 2.9999766992161514
 2.9999707695550457
 2.9999639229886093
 2.9999560551074871
 2.999947045909134
 2.9999367579648655
 2.9999250343203778
 2.9999116960975019
 2.9998965397605697
 2.9998793340053695
 2.9998598162232315
 2.9998376884857829
 2.99981261298919
 2.9997842068876359
 2.9997520364370973
 2.9997156103595266
 2.999674372325515
 2.9996276924402308
 2.9995748576021444
 2.9995150605853929
 2.9994473876802279
 2.9993708046995322
 2.999284141137736
 2.9991860722381269
 2.9990750986931243
 2.9989495236651869
 2.9988074267750324
 2.9986466346568101
 2.9984646876272834
 2.9982588019555267
 2.9980258271524654
 2.9977621976219844
 2.997463877928658
 2.9971263008384756
 2.9967442971768041
 2.9963120164218466
 2.9958228368079807
 2.9952692635512945
 2.9946428136254015
 2.9939338853075541
 2.9931316104784655
 2.9922236873923578
 2.9911961913301557
 2.9900333602056857
 2.9887173518055636
 2.9872279689025443
 2.98554234798259
 2.9836346067597845
 2.9814754450114971
 2.9790316925392557
 2.9762657972366235
 2.9731352453111195
 2.9695919046488464
 2.9655812811099422
 2.9610416761827691
 2.9559032328823385
 2.95008685502986
 2.9435029830679378
 2.9360502073179484
 2.9276136970375881
 2.918063420745884
 2.9072521300056051
 2.8950130751355907
 2.8811574171093546
 2.8654712951144408
 2.8477125038224771
 2.8276067282665145
 2.8048432772413112
 2.7790702482220855
 2.7498890478108757
 2.7168481815225376
 2.6794362151511493
 2.6370737968253009
 2.5891046139564637
 2.5347851423673169
 2.4732730256836821
 2.4036139012736069
 2.3247264642672052
 2.2353855330899548
 2.1342028480355713
 2.0196052981863604
 1.8898102309492621
 1.7427974524557728
 1.5762774785525164
 1.387655564747224
 1.1739911582498266
 0.93195349780154202
 0.65778134466219385
 0.34730123332697022
 0.06052428419609749



# name: <cell-element>
# type: matrix
# rows: 201
# columns: 1
 3
 3
 3
 3
 3
 3
 3
 3
 3
 3
 3
 3
 3
 3
 3
 3
 3
 3
 3
 3
 3
 3
 3
 3
 3
 3
 3
 3
 3
 3
 3
 3
 3
 3
 3
 3
 3
 3
 3
 3
 3
 3
 3
 3
 3
 3
 3
 3
 3
 3
 3
 3
 3
 3
 3
 3
 3
 3
 3
 3
 3
 3
 3
 3
 3
 3
 3
 3
 3
 3
 3
 3
 3
 3
 3
 3
 3
 3
 3
 3
 3
 3
 3
 3
 3
 3
 3
 3
 3
 3
 3
 3
 3
 3
 3
 3
 3
 3
 3
 3
 3
 3
 3
 3
 3
 3
 3
 3
 3
 3
 3
 3
 3
 3
 3
 3
 3
 3
 3
 3
 3
 3
 3
 3
 3
 3
 3
 3
 3
 3
 3
 3
 3
 3
 3
 3
 3
 3
 3
 3
 3
 3
 3
 3
 3
 3
 3
 3
 3
 3
 3
 3
 3
 3
 3
 3
 3
 3
 3
 3
 3
 3
 3
 3
 3
 3
 3
 3
 3
 3
 3
 3
 3
 3
 3
 3
 3
 3
 3
 3
 3
 3
 3
 3
 3
 3
 3
 3
 3
 3
 3
 3
 3
 3
 3
 3
 3
 3
 3
 3
 3



# name: <cell-element>
# type: matrix
# rows: 401
# columns: 1
 0.58892349912198172
 1.2018871096077226
 1.238646727788792
 1.2765528464624907
 1.3155863709475668
 1.355702413245127
 1.396833064345812
 1.438890612115431
 1.4817709290277281
 1.5253568359099658
 1.5695213166215936
 1.6141305113445987
 1.6590464534110383
 1.7041295385666198
 1.749240729156984
 1.7942435018620118
 1.8390055489921089
 1.8834002423007115
 1.9273078665527235
 1.9706166289338261
 2.0132234504180353
 2.0550345465470246
 2.0959658074554426
 2.1359429899333633
 2.1749017373309694
 2.2127874457304939
 2.2495549967198145
 2.2851683781437235
 2.3196002143626466
 2.3528312269041689
 2.3848496450984298
 2.4156505845243257
 2.4452354090329398
 2.4736110899145203
 2.5007895735609011
 2.5267871668427757
 2.5516239474363105
 2.5753232045364163
 2.5979109138070404
 2.6194152490474027
 2.6398661318924606
 2.6592948199041033
 2.6777335326306133
 2.6952151145964032
 2.7117727337119804
 2.7274396132471446
 2.7422487952678916
 2.756232933283385
 2.7694241117667024
 2.7818536901869981
 2.7935521692063441
 2.8045490767359071
 2.8163726880661719
 2.832489417506288
 2.8428643747792695
 2.8520458947740814
 2.8607116386148324
 2.8688880635268541
 2.8766005777028694
 2.8838735421827351
 2.8907302790961906
 2.8971930852694694
 2.903283250304133
 2.9090210783343777
 2.9144259127611889
 2.9195161633449893
 2.9243093351154852
 2.9288220586257108
 2.9330701211416694
 2.937068498413351
 2.9408313867254119
 2.9443722349692059
 2.9477037765192611
 2.9508380607316633
 2.9537864839139405
 2.9565598196431626
 2.9591682483330697
 2.9616213859719074
 2.963928311971229
 2.9660975960814326
 2.9681373243431439
 2.9700551240556865
 2.9718581877531585
 2.9735532961874225
 2.9751468403240189
 2.9766448423630099
 2.9780529758012628
 2.9793765845571194
 2.9806207011807255
 2.9817900641764044
 2.9828891344649309
 2.9839221110149867
 2.9848929456740532
 2.9858053572294647
 2.9866628447306161
 2.9874687001033315
 2.9882260200871311
 2.9889377175257406
 2.9896065320406011
 2.9902350401165956
 2.9908256646281663
 2.9913806838335173
 2.9919022398633701
 2.9923923467301008
 2.9928528978818951
 2.993285673325671
 2.9936923463417355
 2.9940744898116938
 2.9944335821808927
 2.9947710130748257
 2.9950880885888882
 2.9953860362693803
 2.9956660098029664
 2.9959290934309206
 2.9961763061038114
 2.9964086053911432
 2.996626891160119
 2.9968320090365865
 2.9970247536607935
 2.9972058717497716
 2.9973760649775318
 2.9975359926837117
 2.9976862744206243
 2.9978274923482204
 2.9979601934857971
 2.9980848918290639
 2.9982020703401888
 2.9983121828186849
 2.9984156556599815
 2.9985128895081692
 2.9986042608095729
 2.9986901232732688
 2.9987708092429157
 2.9988466309866002
 2.9989178819086844
 2.998984837688782
 2.9990477573518666
 2.9991068842740449
 2.9991624471274134
 2.9992146607680565
 2.99926372707028
 2.9993098357105277
 2.9993531649038565
 2.9993938820960127
 2.9994321446135155
 2.999468100274524
 2.9995018879627318
 2.9995336381664446
 2.9995634734852095
 2.9995915091055991
 2.9996178532482531
 2.9996426075878202
 2.9996658676474968
 2.9996877231695649
 2.999708258463551
 2.9997275527331926
 2.9997456803835902
 2.9997627113097183
 2.9997787111673562
 2.9997937416276588
 2.999807860616059
 2.9998211225368245
 2.9998335784837873
 2.9998452764382786
 2.9998562614549531
 2.9998665758362746
 2.9998762592962915
 2.9998853491143991
 2.9998938802795712
 2.9999018856258437
 2.999909395959282
 2.9999164401772394
 2.9999230453799957
 2.9999292369757544
 2.999935038778724
 2.9999404731012764
 2.9999455608401955
 2.9999503215574213
 2.9999547735556278
 2.9999589339490291
 2.9999628187294256
 2.9999664428280308
 2.9999698201731162
 2.9999729637438315
 2.9999758856203407
 2.9999785970304487
 2.9999811083929853
 2.9999834293580441
 2.9999855688442238
 2.9999875350730956
 2.9999893356009593
 2.9999909773479887
 2.9999924666250437
 2.9999938091579654
 2.9999950101097665
 2.9999960741005856
 2.999997005225556
 2.9999978070706201
 2.9999984827264834
 2.9999990348005809
 2.9999994654271807
 2.9999997762757573
 2.9999999685574128
 3
 3
 2.9999998393259233
 2.9999995604158354
 2.999999162226235
 2.9999986432579617
 2.9999980015506011
 2.999997234675047
 2.9999963397243947
 2.9999953133028479
 2.9999941515129214
 2.9999928499405506
 2.999991403638393
 2.9999898071069921
 2.9999880542738433
 2.9999861384702653
 2.9999840524060635
 2.999981788141703
 2.9999793370580621
 2.9999766898236664
 2.9999738363590143
 2.999970765798218
 2.99996746644756
 2.999963925740889
 2.9999601301917358
 2.9999560653418134
 2.9999517157058899
 2.9999470647127429
 2.9999420946418853
 2.9999367865559758
 2.9999311202285472
 2.9999250740668093
 2.9999186250292307
 2.9999117485376101
 2.999904418383204
 2.9998966066267467
 2.9998882834917144
 2.9998794172506242
 2.999869974103949
 2.9998599180509955
 2.9998492107523966
 2.9998378113837347
 2.9998256764795217
 2.9998127597672584
 2.9997990119905724
 2.9997843807210787
 2.9997688101580433
 2.9997522409151505
 2.9997346097935385
 2.9997158495403307
 2.9996958885914857
 2.9996746507983523
 2.9996520551364814
 2.9996280153957802
 2.9996024398514733
 2.999575230912273
 2.9995462847481345
 2.9995154908928314
 2.9994827318214141
 2.9994478825006925
 2.99941080991093
 2.9993713725369422
 2.9993294198265765
 2.9992847916146643
 2.9992373175100688
 2.9991868162434927
 2.9991330949737112
 2.9990759485492968
 2.9990151587232248
 2.9989504933172149
 2.9988817053326642
 2.9988085320047428
 2.9987306937959324
 2.9986478933252965
 2.9985598142292176
 2.9984661199492804
 2.9983664524426881
 2.9982604308101291
 2.9981476498359307
 2.9980276784348279
 2.9979000579993471
 2.9977643006415207
 2.9976198873220716
 2.9974662658599205
 2.9973028488143316
 2.9971290112315403
 2.9969440882471732
 2.9967473725352294
 2.9965381115938134
 2.9963155048570576
 2.9960787006222578
 2.9958267927802078
 2.9955588173362591
 2.9952737487085712
 2.9949704957893033
 2.994647897753639
 2.9943047196002714
 2.9939396474063229
 2.9935512832782591
 2.9931381399793149
 2.9926986352127058
 2.9922310855384628
 2.9917336999005086
 2.9912045727387513
 2.9906416766597785
 2.9900428546375797
 2.9894058117143949
 2.9887281061692073
 2.9880071401201027
 2.9872401495237937
 2.9864241935337343
 2.9855561431755619
 2.9846326692960359
 2.9836502297387026
 2.9826050556965722
 2.9814931371890148
 2.980310207606399
 2.9790517272625934
 2.9777128658915299
 2.9762884840197654
 2.9747731131429944
 2.9731609346291612
 2.9714457572665398
 2.9696209933693534
 2.9676796333481743
 2.9656142186461474
 2.963416812935884
 2.9610789714648598
 2.958591708430236
 2.9559454622558556
 2.9531300586364364
 2.950134671204927
 2.9469477796698693
 2.9435571252594839
 2.9399496632989734
 2.9361115127359789
 2.9320279024173566
 2.9276831139076851
 2.9230604206261694
 2.9181420230645103
 2.9129089798324967
 2.9073411342620341
 2.901417036282715
 2.8951138592634136
 2.8884073114947313
 2.8812715419659036
 2.8736790400673984
 2.8656005288264748
 2.8570048512575412
 2.8478588493819581
 2.838127235443153
 2.8277724548119001
 2.8167545400441214
 2.8050309555183954
 2.7925564320432978
 2.7792827907849569
 2.7651587558231383
 2.7501297545989911
 2.7341377054699096
 2.7171207915357205
 2.6990132198461532
 2.6797449650416008
 2.659241496417426
 2.6374234873363274
 2.6142065058433239
 2.5895006852630686
 2.5632103734799467
 2.5352337595164771
 2.5054624759353175
 2.4737811754940839
 2.4400670803795164
 2.4041895022385047
 2.3660093311068957
 2.3253784912132254
 2.282139361502181
 2.2361241585818878
 2.1871542796490999
 2.1350396027865477
 2.0795777418566841
 2.0205532530353967
 1.9577367898382101
 1.8908842032914948
 1.8197355836974041
 1.74401424024725
 1.6634256145899382
 1.5776561244517606
 1.4863719337641899
 1.3892176470743545
 1.2858149297682735
 1.1757610655532775
 1.0586274880950122
 0.93395838826734656
 0.8012696614851984
 0.66004887034366966
 0.50975793191641416
 0.34984284169834778
 0.17976129532304475
 0.031167918820835198



# name: <cell-element>
# type: matrix
# rows: 401
# columns: 1
 3
 3
 3
 3
 3
 3
 3
 3
 3
 3
 3
 3
 3
 3
 3
 3
 3
 3
 3
 3
 3
 3
 3
 3
 3
 3
 3
 3
 3
 3
 3
 3
 3
 3
 3
 3
 3
 3
 3
 3
 3
 3
 3
 3
 3
 3
 3
 3
 3
 3
 3
 3
 3
 3
 3
 3
 3
 3
 3
 3
 3
 3
 3
 3
 3
 3
 3
 3
 3
 3
 3
 3
 3
 3
 3
 3
 3
 3
 3
 3
 3
 3
 3
 3
 3
 3
 3
 3
 3
 3
 3
 3
 3
 3
 3
 3
 3
 3
 3
 3
 3
 3
 3
 3
 3
 3
 3
 3
 3
 3
 3
 3
 3
 3
 3
 3
 3
 3
 3
 3
 3
 3
 3
 3
 3
 3
 3
 3
 3
 3
 3
 3
 3
 3
 3
 3
 3
 3
 3
 3
 3
 3
 3
 3
 3
 3
 3
 3
 3
 3
 3
 3
 3
 3
 3
 3
 3
 3
 3
 3
 3
 3
 3
 3
 3
 3
 3
 3
 3
 3
 3
 3
 3
 3
 3
 3
 3
 3
 3
 3
 3
 3
 3
 3
 3
 3
 3
 3
 3
 3
 3
 3
 3
 3
 3
 3
 3
 3
 3
 3
 3
 3
 3
 3
 3
 3
 3
 3
 3
 3
 3
 3
 3
 3
 3
 3
 3
 3
 3
 3
 3
 3
 3
 3
 3
 3
 3
 3
 3
 3
 3
 3
 3
 3
 3
 3
 3
 3
 3
 3
 3
 3
 3
 3
 3
 3
 3
 3
 3
 3
 3
 3
 3
 3
 3
 3
 3
 3
 3
 3
 3
 3
 3
 3
 3
 3
 3
 3
 3
 3
 3
 3
 3
 3
 3
 3
 3
 3
 3
 3
 3
 3
 3
 3
 3
 3
 3
 3
 3
 3
 3
 3
 3
 3
 3
 3
 3
 3
 3
 3
 3
 3
 3
 3
 3
 3
 3
 3
 3
 3
 3
 3
 3
 3
 3
 3
 3
 3
 3
 3
 3
 3
 3
 3
 3
 3
 3
 3
 3
 3
 3
 3
 3
 3
 3
 3
 3
 3
 3
 3
 3
 3
 3
 3
 3
 3
 3
 3
 3
 3
 3
 3
 3
 3
 3
 3
 3
 3
 3
 3
 3
 3
 3
 3
 3
 3
 3
 3
 3
 3
 3
 3
 3
 3
 3
 3
 3
 3
 3
 3
 3
 3
 3
 3
 3
 3
 3
 3
 3
 3
 3
 3
 3
 3
 3
 3
 3
 3
 3
 3
 3



# name: <cell-element>
# type: matrix
# rows: 301
# columns: 1
 0.29446175505074829
 0.60094356665071391
 0.61932337709925178
 0.63827643785337529
 0.65779320156920751
 0.67785122424366318
 0.69841655136767222
 0.7194453268690405
 0.74088548697890666
 0.76267844210463021
 0.78476068416923939
 0.80706528325672777
 0.82952325602594656
 0.85206480034252119
 0.87462039737211383
 0.8971217854476905
 0.91950281071776674
 0.94170015905275006
 0.96365397282923448
 0.98530835563471519
 1.0066117679514119
 1.0275173175459591
 1.0479829494820785
 1.0679715421518041
 1.0874509172278137
 1.1063937727493753
 1.1247775495091152
 1.1425842414286143
 1.1598001606877273
 1.1764156680502986
 1.1924248781818143
 1.2078253488724549
 1.2226177620487655
 1.2368056033570995
 1.2503948459947885
 1.2633936433987363
 1.2758120344086945
 1.287661663623862
 1.2989555188780038
 1.3097076870725419
 1.3199331290267682
 1.3296474735234187
 1.3388668303383906
 1.3476076217355957
 1.355886431671933
 1.3637198717838757
 1.371124463105919
 1.3781165323940585
 1.3847121218861598
 1.3909269113180385
 1.3967761510218775
 1.4022746049543147
 1.408186410779666
 1.4162447756949232
 1.4214322544409879
 1.4260230145176858
 1.4303558864955974
 1.4344440989879756
 1.4383003560916841
 1.4419368383270716
 1.4453652067593468
 1.4485966098018856
 1.4516416922556534
 1.4545106061878554
 1.457213023299019
 1.4597581484693181
 1.4621547342134955
 1.4644110958078893
 1.4665351268852516
 1.468534315320259
 1.4704157592548515
 1.4721861831342509
 1.4738519536451946
 1.4754190954651309
 1.4768933067471599
 1.4782799742790793
 1.4795841882669518
 1.4808107567040187
 1.4819642192951001
 1.4830488609143619
 1.4840687245810045
 1.4850276239434961
 1.4859291552676075
 1.4867767089279051
 1.4875734804057039
 1.4883224807994841
 1.4890265468560313
 1.4896883505327621
 1.4903104081028866
 1.4908950888165855
 1.491444623132141
 1.4919611105316493
 1.4924465269364569
 1.4929027317376651
 1.4933314744572113
 1.4937344010550155
 1.4941130598975649
 1.4944689074030986
 1.4948033133782588
 1.495117566061986
 2.2432580694950692
 2.9918944615973513
 2.9928460337099039
 2.9936862903107029
 2.9944282404240585
 2.995083377999058
 2.9956618568398214
 2.9961726457213396
 2.9966236658460499
 2.9970219125790001
 2.9973735632039782
 2.9976840722637323
 2.9979582558828883
 2.998200366321861
 2.9984141578754429
 2.998602945105969
 2.9987696542930409
 2.9989168688815435
 2.9990468696211803
 2.9991616700140367
 2.9992630476144022
 2.9993525716637062
 2.9994316274875894
 2.9995014380325795
 2.9995630828767785
 2.9996175150092275
 2.9996655756391015
 2.9997080072649172
 2.9997454652073512
 2.999778527785057
 2.9998077052922754
 2.9998334479179491
 2.9998561527299152
 2.9998761698329108
 2.9998938077964952
 2.9999093384374556
 2.9999230010311355
 2.9999350060175187
 2.9999455382595892
 2.9999547599048788
 2.9999628128946334
 2.9999698211598287
 2.9999758925380569
 2.9999811204412685
 2.9999855853002022
 2.999989355808057
 2.9999924899827097
 2.9999950360640733
 2.9999970332605379
 2.9999985123560955
 2.9999994961876468
 3
 3
 2.9999995919014819
 2.9999986740998597
 2.9999972644149722
 2.9999953414626397
 2.9999928760146326
 2.9999898305544885
 2.9999861587065504
 2.9999818045292646
 2.9999767016622774
 2.9999707723139402
 2.999963926074126
 2.9999560585339191
 2.9999470496912357
 2.9999367621178785
 2.9999250388600576
 2.9999117010401424
 2.9998965451230331
 2.9998793398051138
 2.9998598224783422
 2.9998376952150045
 2.999812620211959
 2.9997842146241189
 2.9997520447082273
 2.999715619187044
 2.9996743817320124
 2.9996277024491986
 2.9995748682380241
 2.9995150718736321
 2.9994473996473436
 2.9993708173731783
 2.9992841545467863
 2.9991860864127657
 2.9990751136649552
 2.9989495394673678
 2.9988074434424408
 2.9986466522262578
 2.9984647061378005
 2.9982588214487476
 2.9980258476731678
 2.997762219218858
 2.9974639006554171
 2.9971263247554991
 2.9967443223535719
 2.9963120429405947
 2.9958228647692198
 2.9952692930821838
 2.9946428448909148
 2.2455460739038058
 1.4967756891644757
 1.4965691180093652
 1.4963493661157943
 1.4961155917658755
 1.4958668994335196
 1.4956023363402831
 1.4953208887907345
 1.4950214782728408
 1.4947029573084196
 1.494364105037417
 1.4940036225191136
 1.4936201277319141
 1.4932121502524287
 1.4927781255932155
 1.4923163891772715
 1.4918251699258827
 1.4913025834349785
 1.4907466247135954
 1.4901551604562111
 1.4895259208190061
 1.4888564906681592
 1.488144300266137
 1.4873866153599606
 1.4865805266327716
 1.4857229384778776
 1.4848105570515713
 1.4838398775583346
 1.4828071707189556
 1.4817084683689807
 1.4805395481314161
 1.4792959171041398
 1.4779727944984036
 1.4765650931609282
 1.4750673999075816
 1.4734739545920599
 1.4717786278279277
 1.4699748972772693
 1.4680558224134124
 1.4660140176593139
 1.4638416237968104
 1.4615302775350647
 1.4590710791194967
 1.4564545578545762
 1.4536706354058295
 1.4507085867376197
 1.4475569985339398
 1.4442037249396285
 1.4406358404488169
 1.4368395897562227
 1.4328003343749205
 1.4285024958115167
 1.4239294950760422
 1.419063688289502
 1.4138862981365088
 1.4083773408941731
 1.4025155487508518
 1.3962782871098065
 1.3896414665529748
 1.3825794491190004
 1.3750649485270974
 1.367068923954468
 1.3585604669493869
 1.3495066810349201
 1.3398725535292964
 1.3296208190780423
 1.3187118143601513
 1.3071033233955585
 1.2947504128437815
 1.281605256643948
 1.2676169493039786
 1.2527313071015636
 1.2368906564115536
 1.220033608323013
 1.2020948186547074
 1.1830047324194781
 1.1626893117260761
 1.1410697460408608
 1.1180621436614075
 1.0935772031790651
 1.0675198636275933
 1.0397889319299927
 1.0102766861653205
 0.97886845308174986
 0.94544215818213351
 0.90986784660643194
 0.87200717293836716
 0.83171285798961059
 0.78882811060966129
 0.74318601274973906
 0.69460886666804134
 0.64290750504140959
 0.58788056970663327
 0.52931377747910757
 0.46697922377803058
 0.40063485629318263
 0.33002445630504562
 0.25487898233481454
 0.17492143211703121
 0.089880653460343421
 0.015583960416417337



# name: <cell-element>
# type: matrix
# rows: 301
# columns: 1
 3
 3
 3
 3
 3
 3
 3
 3
 3
 3
 3
 3
 3
 3
 3
 3
 3
 3
 3
 3
 3
 3
 3
 3
 3
 3
 3
 3
 3
 3
 3
 3
 3
 3
 3
 3
 3
 3
 3
 3
 3
 3
 3
 3
 3
 3
 3
 3
 3
 3
 3
 3
 3
 3
 3
 3
 3
 3
 3
 3
 3
 3
 3
 3
 3
 3
 3
 3
 3
 3
 3
 3
 3
 3
 3
 3
 3
 3
 3
 3
 3
 3
 3
 3
 3
 3
 3
 3
 3
 3
 3
 3
 3
 3
 3
 3
 3
 3
 3
 3
 3
 3
 3
 3
 3
 3
 3
 3
 3
 3
 3
 3
 3
 3
 3
 3
 3
 3
 3
 3
 3
 3
 3
 3
 3
 3
 3
 3
 3
 3
 3
 3
 3
 3
 3
 3
 3
 3
 3
 3
 3
 3
 3
 3
 3
 3
 3
 3
 3
 3
 3
 3
 3
 3
 3
 3
 3
 3
 3
 3
 3
 3
 3
 3
 3
 3
 3
 3
 3
 3
 3
 3
 3
 3
 3
 3
 3
 3
 3
 3
 3
 3
 3
 3
 3
 3
 3
 3
 3
 3
 3
 3
 3
 3
 3
 3
 3
 3
 3
 3
 3
 3
 3
 3
 3
 3
 3
 3
 3
 3
 3
 3
 3
 3
 3
 3
 3
 3
 3
 3
 3
 3
 3
 3
 3
 3
 3
 3
 3
 3
 3
 3
 3
 3
 3
 3
 3
 3
 3
 3
 3
 3
 3
 3
 3
 3
 3
 3
 3
 3
 3
 3
 3
 3
 3
 3
 3
 3
 3
 3
 3
 3
 3
 3
 3
 3
 3
 3
 3
 3
 3
 3
 3
 3
 3
 3
 3
 3
 3
 3
 3
 3
 3
 3
 3
 3
 3
 3
 3
 3
 3
 3
 3
 3
 3
 3
 3
 3
 3
 3
 3





