# Created by Octave 5.2.0, Sat Sep 05 01:17:00 2020 CEST <tkanas@tkanas>
# name: solutions
# type: cell
# rows: 1
# columns: 4
# name: <cell-element>
# type: matrix
# rows: 401
# columns: 1
 1.3416321660689697e-15
 1.6049536745778467e-15
 3.7553216825296538e-17
 2.9518973919459654e-15
 2.4856987865692549e-16
 7.2616802538903887e-16
 3.3611064064152194e-16
 4.83628070181501e-17
 1.515394041348667e-16
 0.082556368213380985
 0.26662473489277105
 0.4072893121323759
 0.51127801430617659
 0.58605183002303674
 0.63779544711935943
 0.67149392197638624
 0.69105866383684644
 0.69946406379072257
 0.69887944044804995
 0.69078757180809747
 0.67608556480656734
 0.65516677602139772
 0.62798406939034268
 0.59409557722802908
 0.55269437283584033
 0.50262335400232627
 0.44237631582907189
 0.37008587252967584
 0.28349837675443373
 0.17993890369156892
 0.056963559792134466
 1.7409565993132607e-15
 2.0812907800181756e-16
 1.6506607725532254e-15
 2.7696029303480748e-17
 1.5600220271144163e-15
 1.438283664649724e-16
 3.9722925084793918e-18
 7.9582078964721848e-18
 2.1832872932218844e-15
 5.3389170873052102e-17
 2.9224420349957307e-16
 1.0918026475339013e-15
 1.14128386832436e-15
 5.7350080797178744e-16
 1.2555009816989676e-16
 5.4526986130321479e-16
 5.1877213357443916e-16
 5.0614487221548833e-16
 5.0684300564683174e-16
 2.8513003359247301e-16
 3.3763727179304189e-16
 8.5432818686702023e-16
 6.4938971128447444e-16
 7.9444051967954996e-16
 3.6495481660065209e-20
 3.0334680052856163e-16
 8.9169982059172112e-16
 6.8218921207807922e-20
 9.260315882941156e-16
 1.5962944180818127e-15
 3.0041955544687426e-16
 4.9289614638543666e-17
 3.0187530166301596e-17
 1.4780762711708254e-17
 1.4294994497701572e-15
 4.0919811802576861e-16
 1.7450482872733044e-15
 0
 4.2453446433166284e-16
 1.1586728030498225e-15
 5.0329295010092982e-17
 4.0968099706409538e-16
 1.8209400443185275e-17
 2.0792042162929316e-17
 5.9070230823306072e-17
 2.0623282032431725e-15
 3.0152615884938442e-15
 5.8947855618374942e-18
 1.011206501829142e-17
 7.5343039574611285e-16
 1.0711963342513735
 0.59175614333106785
 0.59174318512365132
 0.59176183715146302
 0.59177319235523962
 0.5917782765698304
 0.59175438035217742
 0.59176928001419049
 0.59177220512717099
 0.59178991831722516
 0.5917462946210974
 0.59179210689534045
 0.59176482691056265
 0.59183693284705796
 0.59171655401760281
 0.59184843233849416
 0.59171584055084803
 0.59181711719663055
 0.59175245646396912
 0.59180094251668158
 0.59177384309018766
 0.59178785174262261
 0.59179227236222587
 0.59180267357452077
 0.59178818601404637
 0.59179804796598257
 0.59180873529860301
 0.59176044081538737
 0.59179634301090567
 0.59181050279773262
 0.59179571545842524
 0.5917977498469944
 0.59181315011152924
 0.59180300175068645
 0.59178823655060575
 0.59177894204220116
 0.59180856860923314
 0.59183080062993498
 0.59175884371010568
 0.59182595013528383
 0.59179115577467489
 0.59182837283429768
 0.59178127120969148
 0.5918082686481555
 0.59182730525277805
 0.59180262893358537
 0.59178878942186952
 0.5917958861056688
 0.59181422621990998
 0.59180408835708465
 0.5918074654892177
 0.59182169522890327
 0.59180247970077104
 0.59179666462543223
 0.59181179072475232
 0.59180925492934067
 0.59180139154652778
 0.59181225634100054
 0.59182085084845304
 0.59181025647283891
 0.59181202298220292
 0.59181767426614984
 0.59181261823823239
 0.59181124346456937
 0.59181072904206644
 0.59180479964692334
 0.59180363563737126
 0.59180579183279358
 0.59181425898169493
 0.59181590595021416
 0.59181211028534786
 0.59180621926711718
 0.59180623859131509
 0.59180955483681286
 0.59181677602809868
 0.59182129690763197
 0.59181817794231217
 0.59181151939442478
 0.59180391249122977
 0.59180030002529882
 0.59180161429519873
 0.59180574584854739
 0.59181072268770174
 0.59181778597801515
 0.59182108165030012
 0.59181992372702474
 0.59181881986126028
 0.5918101125918922
 0.59180220050870924
 0.59180076205728149
 0.59180901700670752
 0.59182480698993656
 0.5918287365459276
 0.59181338891328483
 0.59180401457655873
 0.59180024492733208
 0.59181107251848475
 0.59182818310398311
 0.59182943469265792
 0.59181462068182999
 0.59179881226916686
 0.59179148212582333
 0.59181866024488683
 0.59181955775523742
 0.59181127544709733
 0.59180004874439607
 0.59181905822071057
 0.59182113879353759
 0.5918200782877483
 0.59180000187278936
 0.59180991433566821
 0.59182036142180539
 0.59182236876620709
 0.59180325249888333
 0.59179994877304531
 0.59182022264799783
 0.59181608114676387
 0.59181538814801105
 0.59180957778658427
 0.59182852689580867
 0.59181763670056509
 0.59182056439750008
 0.59181030203699758
 0.59181162766736883
 0.59180364391207696
 0.59179601350768773
 0.5918133556426135
 0.59181167817525226
 0.591822163947894
 0.59182770438552923
 0.59181540564269464
 0.59181003254954156
 0.59180367367941455
 0.59180092410986318
 0.59180915084653418
 0.5918166484934857
 0.59182130212619299
 0.5918239609170467
 0.59181644907892439
 0.59180730985333752
 0.59181571473840755
 0.59180224986789864
 0.59182964658631998
 0.59179959842684893
 0.59181021757237073
 0.59181085147666057
 0.591790949298173
 0.59181791536478268
 0.59181406233758416
 0.59182080519578339
 0.59182603335952899
 0.59181509553033984
 0.59181466501305757
 0.59180940929542769
 0.59180744692007936
 0.59180785646070211
 0.59180919238710428
 0.59181099353973166
 0.59182116803123008
 0.59181945466730368
 0.59181460053648394
 0.59181087660471265
 0.59181192679991301
 0.59181600729910988
 0.59181467693511025
 0.5918123231965815
 0.59181112922346235
 0.59181234371315283
 0.59181443066325157
 0.59181441731105688
 0.59181321852441615
 0.59181175116934348
 0.59181111342472381
 0.59181259065164193
 0.59181539082278767
 0.59181568226366099
 0.59181423055246551
 0.59181524025358445
 0.5918151778363363
 0.59181139927463122
 0.59181047944901233
 0.59181073384464944
 0.59180665223906281
 0.59180728822066553
 0.59181530971648111
 0.59181253276578849
 0.59180919225139361
 0.59182110330495674
 0.59181888452739817
 0.5918075487671336
 0.59181043790291943
 0.59181287699745877
 0.59181110339996534
 0.59181486882264489
 0.59182277103729652
 0.59182469085018252
 0.59182712009855798
 0.59181384796404135
 0.59179884923060666
 0.59179456805186559
 0.59181152693578232
 0.59182201792740141
 0.59181338206795586
 0.59181304434162163
 0.59180985853233214
 0.59180209918107429
 0.59180336759266827
 0.59182358888166642
 0.59181412565119229
 0.59183190511176176
 0.59181406295637262
 0.59181370657669863
 0.59179814755553806
 0.59180304093677316
 0.59181589642019361
 0.59182868337791794
 0.59182619609676868
 0.59181468423361383
 0.59179494569972113
 0.59180579538157496
 0.59181253992153793
 0.59182946253895108
 0.59182421424748355
 0.59181387146025044
 0.5918040650575046
 0.59180186447749183
 0.59181003544599609
 0.5918181264632173
 0.59181622761405872
 0.59182583864491312
 0.59181868463305654
 0.59181330846422719
 0.59180074147408013
 0.59180363455424867
 0.59181278954021665
 0.59181507590656657
 0.59181318982901832
 0.59181669856701424
 0.59181590808692008
 0.59181735791853307
 0.59181528182174992
 0.59181742285864603
 0.59181652363748682
 0.59181304940521262
 0.59180664494157265
 0.59180701855389928
 0.59181225763526824
 0.59181766134650415
 0.5918165679330214
 0.59181265684291517
 0.59181102210826564
 0.59180940638565882
 0.59181236214533917
 0.59181819744163189
 0.59182171055459065
 0.59182257353005285
 0.59182174453533221
 0.59181843037544268
 0.59181315198769913
 0.59180924781565292
 0.5918072094747957
 0.59180853786447718
 0.59181287337738453
 0.59181625379174307
 0.59181783938453314
 0.59181794703752588
 0.5918197475094229
 0.59182312606044329
 0.59182259304274876
 0.59181849078533089
 0.591814678626714
 0.59181227978300532
 0.59180923329419244
 0.59180900728071073
 0.59181209911481591
 0.59181599538577101
 0.5918190048550972
 0.59182141382293318
 0.59181908084050372
 0.59181537040621934
 0.5918206211314887
 0.59181122471176217
 0.59183094093386612
 0.59180738331449145
 0.5918282559020609
 0.59182178480593939
 0.59182176407685017
 0.59183506322976276
 0.59181574725910857
 0.59182720535685007
 0.59181946994823154
 0.59182046470160488
 0.59182595804066773
 0.59181757348216613
 0.59182467445410758
 0.59182728343888658
 0.591826845614422
 0.59182862446062234
 0.59182329606131312
 0.59182094784911532
 0.59182352052448717
 0.59182550983266291
 0.59183015255110705
 0.59183362516176741
 0.59183172103535864
 0.59182834013286578
 0.5918283717583368
 0.59182770160668741
 0.59183068858963728
 0.59183566103511365
 0.59183779562517724
 0.59183324395544945
 0.59182827435138774
 0.59182916948085396
 0.59182769563510562
 0.5918832749001377
 0.59165972739901962
 0.59275284177463106
 0.58728848029570702
 0.61427628186426619



# name: <cell-element>
# type: matrix
# rows: 401
# columns: 1
 0.068960324096164441
 0.068960324096164441
 0.068960324096164441
 0.068960324096164441
 0.068960324096164441
 0.068960324096164441
 0.068960324096164441
 0.068960324096164441
 0.068960324096164441
 0.068960324096164441
 0.068960324096164441
 0.068960324096164441
 0.068960324096164441
 0.068960324096164441
 0.068960324096164441
 0.068960324096164441
 0.068960324096164441
 0.068960324096164441
 0.068960324096164441
 0.068960324096164441
 0.068960324096164441
 0.068960324096164441
 0.068960324096164441
 0.068960324096164441
 0.068960324096164441
 0.068960324096164441
 0.068960324096164441
 0.068960324096164441
 0.068960324096164441
 0.068960324096164441
 0.068960324096164441
 0.068960324096164441
 0.068960324096164441
 0.068960324096164441
 0.068960324096164441
 0.068960324096164441
 0.068960324096164441
 0.068960324096164441
 0.068960324096164441
 0.068960324096164441
 0.068960324096164441
 0.068960324096164441
 0.068960324096164441
 0.068960324096164441
 0.068960324096164441
 0.068960324096164441
 0.068960324096164441
 0.068960324096164441
 0.068960324096164441
 0.068960324096164441
 0.068960324096164441
 0.068960324096164441
 0.068960324096164441
 0.068960324096164441
 0.068960324096164441
 0.068960324096164441
 0.068960324096164441
 0.068960324096164441
 0.068960324096164441
 0.068960324096164441
 0.068960324096164441
 0.068960324096164441
 0.068960324096164441
 0.068960324096164441
 0.068960324096164441
 0.068960324096164441
 0.068960324096164441
 0.068960324096164441
 0.068960324096164441
 0.068960324096164441
 0.068960324096164441
 0.068960324096164441
 0.068960324096164441
 0.068960324096164441
 0.068960324096164441
 0.068960324096164441
 0.068960324096164441
 0.068960324096164441
 0.068960324096164441
 0.068960324096164441
 0.068960324096164441
 0.068960324096164441
 0.068960324096164441
 0.068960324096164441
 0.068960324096164441
 0.068960324096164441
 0.068960324096164441
 0.068960324096164441
 0.068960324096164441
 0.068960324096164441
 0.068960324096164441
 0.068960324096164441
 0.068960324096164441
 0.068960324096164441
 0.068960324096164441
 0.068960324096164441
 0.59202947740842582
 0.59202947740842582
 0.59202947740842582
 0.59202947740842582
 0.59202947740842582
 0.59202947740842582
 0.59202947740842582
 0.59202947740842582
 0.59202947740842582
 0.59202947740842582
 0.59202947740842582
 0.59202947740842582
 0.59202947740842582
 0.59202947740842582
 0.59202947740842582
 0.59202947740842582
 0.59202947740842582
 0.59202947740842582
 0.59202947740842582
 0.59202947740842582
 0.59202947740842582
 0.59202947740842582
 0.59202947740842582
 0.59202947740842582
 0.59202947740842582
 0.59202947740842582
 0.59202947740842582
 0.59202947740842582
 0.59202947740842582
 0.59202947740842582
 0.59202947740842582
 0.59202947740842582
 0.59202947740842582
 0.59202947740842582
 0.59202947740842582
 0.59202947740842582
 0.59202947740842582
 0.59202947740842582
 0.59202947740842582
 0.59202947740842582
 0.59202947740842582
 0.59202947740842582
 0.59202947740842582
 0.59202947740842582
 0.59202947740842582
 0.59202947740842582
 0.59202947740842582
 0.59202947740842582
 0.59202947740842582
 0.59202947740842582
 0.59202947740842582
 0.59202947740842582
 0.59202947740842582
 0.59202947740842582
 0.59202947740842582
 0.59202947740842582
 0.59202947740842582
 0.59202947740842582
 0.59202947740842582
 0.59202947740842582
 0.59202947740842582
 0.59202947740842582
 0.59202947740842582
 0.59202947740842582
 0.59202947740842582
 0.59202947740842582
 0.59202947740842582
 0.59202947740842582
 0.59202947740842582
 0.59202947740842582
 0.59202947740842582
 0.59202947740842582
 0.59202947740842582
 0.59202947740842582
 0.59202947740842582
 0.59202947740842582
 0.59202947740842582
 0.59202947740842582
 0.59202947740842582
 0.59202947740842582
 0.59202947740842582
 0.59202947740842582
 0.59202947740842582
 0.59202947740842582
 0.59202947740842582
 0.59202947740842582
 0.59202947740842582
 0.59202947740842582
 0.59202947740842582
 0.59202947740842582
 0.59202947740842582
 0.59202947740842582
 0.59202947740842582
 0.59202947740842582
 0.59202947740842582
 0.59202947740842582
 0.59202947740842582
 0.59202947740842582
 0.59202947740842582
 0.59202947740842582
 0.59202947740842582
 0.59202947740842582
 0.59202947740842582
 0.59202947740842582
 0.59202947740842582
 0.59202947740842582
 0.59202947740842582
 0.59202947740842582
 0.59202947740842582
 0.59202947740842582
 0.59202947740842582
 0.59202947740842582
 0.59202947740842582
 0.59202947740842582
 0.59202947740842582
 0.59202947740842582
 0.59202947740842582
 0.59202947740842582
 0.59202947740842582
 0.59202947740842582
 0.59202947740842582
 0.59202947740842582
 0.59202947740842582
 0.59202947740842582
 0.59202947740842582
 0.59202947740842582
 0.59202947740842582
 0.59202947740842582
 0.59202947740842582
 0.59202947740842582
 0.59202947740842582
 0.59202947740842582
 0.59202947740842582
 0.59202947740842582
 0.59202947740842582
 0.59202947740842582
 0.59202947740842582
 0.59202947740842582
 0.59202947740842582
 0.59202947740842582
 0.59202947740842582
 0.59202947740842582
 0.59202947740842582
 0.59202947740842582
 0.59202947740842582
 0.59202947740842582
 0.59202947740842582
 0.59202947740842582
 0.59202947740842582
 0.59202947740842582
 0.59202947740842582
 0.59202947740842582
 0.59202947740842582
 0.59202947740842582
 0.59202947740842582
 0.59202947740842582
 0.59202947740842582
 0.59202947740842582
 0.59202947740842582
 0.59202947740842582
 0.59202947740842582
 0.59202947740842582
 0.59202947740842582
 0.59202947740842582
 0.59202947740842582
 0.59202947740842582
 0.59202947740842582
 0.59202947740842582
 0.59202947740842582
 0.59202947740842582
 0.59202947740842582
 0.59202947740842582
 0.59202947740842582
 0.59202947740842582
 0.59202947740842582
 0.59202947740842582
 0.59202947740842582
 0.59202947740842582
 0.59202947740842582
 0.59202947740842582
 0.59202947740842582
 0.59202947740842582
 0.59202947740842582
 0.59202947740842582
 0.59202947740842582
 0.59202947740842582
 0.59202947740842582
 0.59202947740842582
 0.59202947740842582
 0.59202947740842582
 0.59202947740842582
 0.59202947740842582
 0.59202947740842582
 0.59202947740842582
 0.59202947740842582
 0.59202947740842582
 0.59202947740842582
 0.59202947740842582
 0.59202947740842582
 0.59202947740842582
 0.59202947740842582
 0.59202947740842582
 0.59202947740842582
 0.59202947740842582
 0.59202947740842582
 0.59202947740842582
 0.59202947740842582
 0.59202947740842582
 0.59202947740842582
 0.59202947740842582
 0.59202947740842582
 0.59202947740842582
 0.59202947740842582
 0.59202947740842582
 0.59202947740842582
 0.59202947740842582
 0.59202947740842582
 0.59202947740842582
 0.59202947740842582
 0.59202947740842582
 0.59202947740842582
 0.59202947740842582
 0.59202947740842582
 0.59202947740842582
 0.59202947740842582
 0.59202947740842582
 0.59202947740842582
 0.59202947740842582
 0.59202947740842582
 0.59202947740842582
 0.59202947740842582
 0.59202947740842582
 0.59202947740842582
 0.59202947740842582
 0.59202947740842582
 0.59202947740842582
 0.59202947740842582
 0.59202947740842582
 0.59202947740842582
 0.59202947740842582
 0.59202947740842582
 0.59202947740842582
 0.59202947740842582
 0.59202947740842582
 0.59202947740842582
 0.59202947740842582
 0.59202947740842582
 0.59202947740842582
 0.59202947740842582
 0.59202947740842582
 0.59202947740842582
 0.59202947740842582
 0.59202947740842582
 0.59202947740842582
 0.59202947740842582
 0.59202947740842582
 0.59202947740842582
 0.59202947740842582
 0.59202947740842582
 0.59202947740842582
 0.59202947740842582
 0.59202947740842582
 0.59202947740842582
 0.59202947740842582
 0.59202947740842582
 0.59202947740842582
 0.59202947740842582
 0.59202947740842582
 0.59202947740842582
 0.59202947740842582
 0.59202947740842582
 0.59202947740842582
 0.59202947740842582
 0.59202947740842582
 0.59202947740842582
 0.59202947740842582
 0.59202947740842582
 0.59202947740842582
 0.59202947740842582
 0.59202947740842582
 0.59202947740842582
 0.59202947740842582
 0.59202947740842582
 0.59202947740842582
 0.59202947740842582
 0.59202947740842582
 0.59202947740842582
 0.59202947740842582
 0.59202947740842582
 0.59202947740842582
 0.59202947740842582
 0.59202947740842582
 0.59202947740842582
 0.59202947740842582
 0.59202947740842582
 0.59202947740842582
 0.59202947740842582
 0.59202947740842582
 0.59202947740842582
 0.59202947740842582
 0.59202947740842582
 0.59202947740842582
 0.59202947740842582
 0.59202947740842582
 0.59202947740842582



# name: <cell-element>
# type: matrix
# rows: 401
# columns: 1
 0.070587544080968054
 0.070933154619287828
 0.070971612003321721
 0.071010194813235311
 0.071048888587979503
 0.071087665053568339
 0.071126484965607806
 0.071165300856481373
 0.071204059545644474
 0.071242704350513789
 0.071281176970930643
 0.071319419044962709
 0.071357373390709189
 0.071394984959814722
 0.071432201534980894
 0.071468974206938068
 0.071505257666908462
 0.071541010349233797
 0.071576194456151904
 0.071610775893160783
 0.071644724139459312
 0.071678012073903952
 0.071710615773038541
 0.07174251429419734
 0.071773689453546646
 0.071804125606266395
 0.071833809433868218
 0.071862729741883735
 0.071890877269774653
 0.071918244513873061
 0.071944825563398929
 0.071970615949059763
 0.071995612503376591
 0.072019813231666202
 0.072043217192489947
 0.072065824386344526
 0.072087635651389342
 0.072102037014257117
 0.072115895255924656
 0.072129212274912036
 0.072141990291522989
 0.072154231789960471
 0.072165939461536474
 0.072175467329358534
 0.072175467329358534
 0.072175467329358534
 0.072175467329358534
 0.072175467329358534
 0.072175467329358534
 0.072175467329358534
 0.072175467329358534
 0.072175467329358534
 0.072175467329358534
 0.072175467329358534
 0.072175467329358534
 0.072175467329358534
 0.072175467329358534
 0.072175467329358534
 0.072175467329358534
 0.072175467329358534
 0.072175467329358534
 0.072175467329358534
 0.072175467329358534
 0.072175467329358534
 0.072175467329358534
 0.072175467329358534
 0.072175467329358534
 0.072175467329358534
 0.072175467329358534
 0.072175467329358534
 0.072175467329358534
 0.072175467329358534
 0.072175467329358534
 0.072175467329358534
 0.072175467329358534
 0.072175467329358534
 0.072175467329358534
 0.072175467329358534
 0.072175467329358534
 0.072175467329358534
 0.072175467329358534
 0.072175467329358534
 0.072175467329358534
 0.072175467329358534
 0.072160843985120182
 0.072145080536384507
 0.072128116045311996
 0.072109885263584167
 0.072090318416702742
 0.072061761541156052
 0.072029010892461567
 0.071993964064031177
 0.071956491012033469
 0.0719164553558551
 0.071873716031524856
 0.071825694665524353
 0.5946708507733407
 0.5946708507733407
 0.5946708507733407
 0.5946708507733407
 0.5946708507733407
 0.5946708507733407
 0.5946708507733407
 0.5946708507733407
 0.5946708507733407
 0.5946708507733407
 0.5946708507733407
 0.5946708507733407
 0.5946708507733407
 0.5946708507733407
 0.5946708507733407
 0.5946708507733407
 0.5946708507733407
 0.5946708507733407
 0.5946708507733407
 0.5946708507733407
 0.5946708507733407
 0.5946708507733407
 0.5946708507733407
 0.5946708507733407
 0.5946708507733407
 0.5946708507733407
 0.5946708507733407
 0.5946708507733407
 0.5946708507733407
 0.5946708507733407
 0.5946708507733407
 0.5946708507733407
 0.5946708507733407
 0.5946708507733407
 0.5946708507733407
 0.5946708507733407
 0.5946708507733407
 0.5946708507733407
 0.5946708507733407
 0.5946708507733407
 0.5946708507733407
 0.5946708507733407
 0.5946708507733407
 0.5946708507733407
 0.5946708507733407
 0.5946708507733407
 0.5946708507733407
 0.5946708507733407
 0.5946708507733407
 0.5946708507733407
 0.5946708507733407
 0.5946708507733407
 0.5946708507733407
 0.5946708507733407
 0.5946708507733407
 0.5946708507733407
 0.5946708507733407
 0.5946708507733407
 0.5946708507733407
 0.5946708507733407
 0.5946708507733407
 0.5946708507733407
 0.5946708507733407
 0.59466942639278519
 0.59466697934637902
 0.59466451494310379
 0.59466203041668786
 0.59465952307568404
 0.5946569902969322
 0.59465442951938507
 0.59465183823827583
 0.5946492139995978
 0.59464655439487746
 0.59464385705621703
 0.59464111965158795
 0.59463833988035886
 0.59463551546903837
 0.59463264416721917
 0.59462972374370882
 0.59462675198283277
 0.59462372668089802
 0.59462064564280515
 0.59461750667879854
 0.59461430760134393
 0.59461104622212335
 0.59460772034914056
 0.59460432778392514
 0.5946008663188318
 0.59459733373442325
 0.59459372779693276
 0.59459004625579814
 0.59458628684126225
 0.59458244726203291
 0.59457852520299803
 0.59457451832299035
 0.59457042425259576
 0.5945662405920028
 0.59456196490888735
 0.59455759473632808
 0.59455312757074996
 0.59454856086989194
 0.59454389205079294
 0.59453911848779672
 0.59453423751056766
 0.59452924640211924
 0.59452414239684725
 0.59451892267856921
 0.59451358437856416
 0.59450812457361113
 0.59450254028402505
 0.59449682847168461
 0.59449098603805284
 0.59448500982218566
 0.59447889659872777
 0.5944726430758922
 0.59446624589342234
 0.59445970162053474
 0.59445300675383872
 0.59444615771523313
 0.59443915084977583
 0.59443198242352657
 0.59442464862135913
 0.59441714554474112
 0.59440946920948146
 0.59440161554344051
 0.59439358038420442
 0.59438535947671822
 0.59437694847087974
 0.5943683429190878
 0.59435953827374854
 0.59435052988473225
 0.59434131299678317
 0.59433188274687765
 0.59432223416153063
 0.59431236215404748
 0.59430226152171917
 0.59429192694296018
 0.59428135297438478
 0.59427053404782304
 0.59425946446727063
 0.59424813840577384
 0.59423654990224584
 0.59422469285821244
 0.59421256103448505
 0.59420014804775978
 0.59418744736713847
 0.59417445231057087
 0.5941574968801332
 0.59413856686727562
 0.59411919797904367
 0.59409938002076712
 0.59407910256075092
 0.59405835492460313
 0.59403712618938509
 0.59401540517765994
 0.59399318045136162
 0.5939704403055327
 0.59394717276192055
 0.59392336556241343
 0.59389900616228497
 0.59387408172335243
 0.59384857910684341
 0.59382248486623013
 0.59379578523976595
 0.59376846614291334
 0.59374051316054677
 0.59371191153896785
 0.59368264617771249
 0.59365270162119776
 0.59362206205008128
 0.59359071127244234
 0.5935586327147665
 0.59352580941264965
 0.59349222400130441
 0.59345785870574319
 0.59342269533085323
 0.59338671525102915
 0.5933498993997437
 0.59331222825863272
 0.59327368184643958
 0.59323423970763556
 0.59319388090068237
 0.59315258398609938
 0.59311032701404165
 0.59306708751173065
 0.59302284247039616
 0.59297756833196458
 0.59293124097531724
 0.59288383570222969
 0.59283532722286791
 0.59278568964092493
 0.59273489643834421
 0.59268292045958682
 0.59262973389550444
 0.5925753082666777
 0.59251961440641676
 0.59246262244308923
 0.5924043017821754
 0.592344621087594
 0.59228354826253882
 0.59222105042991813
 0.59215709391205318
 0.59209164420968174
 0.59202466598066061
 0.59195612301776035
 0.59188597822591138
 0.59181419359869358
 0.59174073018905959
 0.59170885884073554
 0.59170920198338439
 0.5917095519882356
 0.59170990897244324
 0.59171027304850499
 0.59171064432770071
 0.59171102292008093
 0.59171140893414564
 0.5917118024767164
 0.59171220365250099
 0.59171261256417484
 0.59171302931168168
 0.59171345399217701
 0.59171388669974756
 0.59171432752483488
 0.5917147765540024
 0.5917152338694468
 0.59171569954875436
 0.59171617366402007
 0.59171665628176739
 0.59171714746214155
 0.59171764725846288
 0.59171815571657571
 0.59171867287407764
 0.59171919875978507
 0.59171973339287864
 0.59172027678210526
 0.59172082892491573
 0.59172138980664502
 0.59172195939939254
 0.591722537661037
 0.59172312453430365
 0.59172371994516437
 0.59172432380216111
 0.59172493599462272
 0.59172555639136148
 0.59172618483927331
 0.59172682116171382
 0.59172746515673114
 0.59172811659517066
 0.59172877521899669
 0.59172944073907929
 0.591730112833043
 0.59173079114309601
 0.59173147527334602
 0.59173216478748036
 0.59173285920560259
 0.59173355800191718
 0.59173426060105005
 0.59173496637501377
 0.59173567463974075
 0.59173638465127976
 0.59173709560179588
 0.59173780661572006
 0.59173851674469968
 0.59173922496359999
 0.59173993016529136
 0.59174063115494879
 0.59174132664494705
 0.5917420152488081
 0.59174269547463509
 0.59174336571888764
 0.5917440242587324
 0.5917446692449958
 0.59174529869363501
 0.59174591047735314
 0.59174650231581982
 0.59174707176561625
 0.59174761620807736
 0.59174813283527672
 0.59174861863252892
 0.5917490703555105
 0.59174948449878317
 0.59174985724803053
 0.59175018441006211
 0.59175046130220954
 0.59175068257843011
 0.5917508419559967
 0.59175093178145266
 0.59175094235322023
 0.59175086086550688
 0.59175066977985569
 0.59175034434303508
 0.59174984883686099
 0.59174913097967319
 0.59174811365353996
 0.59174668281538556
 0.59174467001922793
 0.59174182740849635
 0.59173779231752999
 0.59173203767173421
 0.59172380320026274
 0.59171200101226784
 0.59169508729532616
 0.59167088977076587
 0.59163637808014724
 0.59198608118304341



# name: <cell-element>
# type: matrix
# rows: 401
# columns: 1
 0.070549117779856466
 0.070591360897240593
 0.070623651014340733
 0.070656028133592758
 0.070688477231497418
 0.07072097192670751
 0.070753476905431156
 0.070785950223749589
 0.070842305406793538
 0.070851042391802135
 0.070883129849525495
 0.070914988749791269
 0.070946570033978557
 0.070977826564365257
 0.071008713682654961
 0.071039189586955792
 0.071069215557358748
 0.071098756059294402
 0.071127778751204032
 0.071156254420178852
 0.071184156865538292
 0.071211462747220317
 0.071238151412478398
 0.071264204711326551
 0.071289606808768224
 0.071314343999555968
 0.071338404529300473
 0.071361778424708491
 0.071384457334155507
 0.071406434379210043
 0.071427704017104895
 0.071448261913707567
 0.071468104825973863
 0.071487230493534948
 0.071505637537741099
 0.071523325367601115
 0.071540294091412188
 0.071556544433251476
 0.071572077653311611
 0.071586895471325698
 0.071597619701523257
 0.071608137284802989
 0.071619173469398986
 0.071624961868812717
 0.071624961868812717
 0.071624961868812717
 0.071624961868812717
 0.071624961868812717
 0.071624961868812717
 0.071624961868812717
 0.071624961868812717
 0.071624961868812717
 0.071624961868812717
 0.071624961868812717
 0.071624961868812717
 0.071624961868812717
 0.071624961868812717
 0.071624961868812717
 0.071624961868812717
 0.071624961868812717
 0.071624961868812717
 0.071624961868812717
 0.071624961868812717
 0.071624961868812717
 0.071624961868812717
 0.071624961868812717
 0.071624961868812717
 0.071624961868812717
 0.071624961868812717
 0.071624961868812717
 0.071624961868812717
 0.071624961868812717
 0.071624961868812717
 0.071624961868812717
 0.071624961868812717
 0.071624961868812717
 0.071624961868812717
 0.071624961868812717
 0.071624961868812717
 0.071651541286890136
 0.071699528646498992
 0.071699458966078447
 0.071699383277309653
 0.071699301276692981
 0.07168853024650286
 0.071673251160531651
 0.071656765222813057
 0.071634665100175007
 0.071610942511029702
 0.071585506822719039
 0.071558261472996085
 0.071529103900185589
 0.071497925702099618
 0.071464613231767074
 0.071429049012120591
 0.071391111562161061
 0.59428741378629757
 0.59428741378629757
 0.59428734230436531
 0.59428718299084815
 0.59428703584142883
 0.5942868997677192
 0.59428677378978212
 0.5942866570268529
 0.59428654868731667
 0.5942864480590373
 0.59428635450047484
 0.59428626743272472
 0.59428618633247221
 0.59428611072579129
 0.59428604018270437
 0.59428597431240948
 0.59428591275909326
 0.59428585519825061
 0.59428580133344922
 0.59428575089347213
 0.59428570362979916
 0.59428565931437527
 0.59428561773763089
 0.59428557870672427
 0.59428554204397754
 0.59428550758547938
 0.5942854751798371
 0.59428544468706157
 0.59428541597756446
 0.59428538893125771
 0.59428536343674343
 0.5942853393905847
 0.59428531669664586
 0.5942852952654949
 0.59428527501386363
 0.5942852558641587
 0.59428523774401487
 0.59428522058588951
 0.59428520432669452
 0.59428518890745807
 0.59428517427301775
 0.5942851603717374
 0.59428514715525071
 0.5942851345782233
 0.59428512259813515
 0.5942851111750822
 0.59428510027159009
 0.59428508985244632
 0.59428507988454327
 0.59428507033673306
 0.59428506117969448
 0.59428505238580998
 0.59428504392905035
 0.5942850357848678
 0.59428502793009852
 0.59428502034287178
 0.59428501300252279
 0.59428500588951438
 0.59428499898536502
 0.59428499227257559
 0.59428498573457234
 0.59428497935563906
 0.59428497312086659
 0.59428496701609879
 0.59428496102788475
 0.59428495514343005
 0.59428494935055809
 0.59428494363766737
 0.59428493799369364
 0.59428493240807589
 0.59428492687072254
 0.59428280429135438
 0.5942806572225604
 0.5942784835909013
 0.59427628136313448
 0.59427404854198018
 0.59428501147950097
 0.5942694523798806
 0.59426711559753065
 0.59426474048983113
 0.59426232518308109
 0.59425986781812101
 0.59425736654731243
 0.59425481953165837
 0.59425222493802388
 0.59424958093648161
 0.59424688569774797
 0.59424413739072335
 0.59424133418010494
 0.59423847422409593
 0.59423555567217778
 0.59423257666295148
 0.59422953532204636
 0.59422642976008466
 0.59422325807069221
 0.5942200183285653
 0.59421670858757392
 0.59421332687891371
 0.59420987120928093
 0.59420622194740247
 0.59420249204259623
 0.59419867934910608
 0.5941947816885782
 0.59419079684831166
 0.59418672257952432
 0.59418255659563235
 0.59417829657053833
 0.59417394013692781
 0.59416948488456933
 0.59416492835861812
 0.59416026805791855
 0.59415550143330431
 0.59415062588589507
 0.59414563876538395
 0.5941405373683194
 0.59413531893637361
 0.5941299806545991
 0.59412451964967117
 0.59411893298811191
 0.59411321767449832
 0.59410729119325112
 0.59410115303438593
 0.59409487323210897
 0.59408844844127806
 0.59408187524355272
 0.59407515014542234
 0.5940682695761812
 0.59406122988590671
 0.59405402734334001
 0.59404665813376956
 0.59403911835689482
 0.59403140402459664
 0.59402351105874751
 0.59401543528882683
 0.59400717244973955
 0.59399871817928074
 0.5939900680158241
 0.59398121739581788
 0.59397216165123745
 0.59396289600702612
 0.59395341557845927
 0.5939437153684346
 0.59393379026475379
 0.59392363503726064
 0.5939132443350259
 0.59390261268336919
 0.59389173448084331
 0.59388060399619125
 0.59386921536518633
 0.59385756258738143
 0.59384563952286806
 0.59383343988886927
 0.59382095725629724
 0.59380715120771022
 0.59379162887289327
 0.59377574637082842
 0.59375949532474415
 0.59374286716189828
 0.59372585310891135
 0.59370844418687885
 0.59369063120628418
 0.59367240476208127
 0.59365375522839459
 0.59363467275308479
 0.59361514725238274
 0.59359516840519189
 0.59357472564725589
 0.5935538081654238
 0.59353240489132653
 0.59351050449539888
 0.59348809538027669
 0.59346516567442142
 0.59344170322532441
 0.59341769559253199
 0.59339313004067029
 0.59336799353218161
 0.59334227271983331
 0.59331595393901615
 0.5932890231999558
 0.59326146617965347
 0.59323326821352662
 0.59320441428693715
 0.59317488902649229
 0.59314467669101945
 0.59311376116225623
 0.59308212593551457
 0.59304975410992677
 0.59301662837833224
 0.59298273101696453
 0.59294804387503486
 0.59291254836372065
 0.59287622544491969
 0.5928381143856809
 0.59280397077060687
 0.59276647078402889
 0.5927280956050609
 0.59268882454463923
 0.59264863640865217
 0.59260750948472551
 0.59256542152858771
 0.59252234975005535
 0.59247827079854054
 0.59243316074821539
 0.59238699508260373
 0.59233974867879413
 0.59229139579107826
 0.59224191003417115
 0.59219126436581726
 0.59213943106889633
 0.59208638173294081
 0.59203208723504919
 0.5919765177202132
 0.59191964258096441
 0.59186143043637252
 0.59181110779711232
 0.59175924379206324
 0.59170412148915863
 0.59169212185952946
 0.59169594193912545
 0.59169857966908623
 0.59170042581741333
 0.59170173741099064
 0.59170268497287692
 0.59170338259258559
 0.59170390723151578
 0.5917043112211019
 0.59170463042063248
 0.5917048413378827
 0.59170504226919296
 0.59170524672572955
 0.5917054547277566
 0.5917056016721961
 0.59170573657380643
 0.59170586246907697
 0.5917059815216178
 0.59170609526853113
 0.59170620479321878
 0.59170631084715386
 0.59170641393630963
 0.59170651438285748
 0.59170661236899769
 0.59170670796898972
 0.59170680117150887
 0.59170689189620296
 0.59170698000540922
 0.59170706531245754
 0.59170714758751031
 0.59170722656152064
 0.59170730192896703
 0.59170737334944279
 0.59170744044810908
 0.59170750281627227
 0.59170756001058433
 0.59170761155254503
 0.59170765692730565
 0.59170769558208058
 0.59170772692475104
 0.59170775032177192
 0.59170776509602763
 0.59170774248555857
 0.59170748376593796
 0.59170720515711328
 0.59170690539741555
 0.59170658314861135
 0.59170623699154345
 0.59170586542181425
 0.59170546684435166
 0.59170503956829179
 0.59170458180163743
 0.59170409164504012
 0.5917035670858336
 0.59170300599111547
 0.59170240610076752
 0.59170176502031957
 0.59170108021250922
 0.59170034898949775
 0.59169956850337024
 0.59169873573707599
 0.59169784749418253
 0.59169690038732381
 0.59169589082710061
 0.59169481500737753
 0.59169366889106878
 0.59169244819121025
 0.59169114834874337
 0.59168976450421817
 0.59168829145980473
 0.59168672362712016
 0.59168505495330304
 0.59168327881497018
 0.59168138786409274
 0.59167937380125268
 0.59167722704694392
 0.5916749362603404
 0.59167248764094993
 0.59166986392961329
 0.59166704297482209
 0.59166399570968153
 0.59166068331419275
 0.59165705326943518
 0.59165303393040081
 0.59164852712394012
 0.59164339815466749
 0.59163746244095472
 0.59269293849454918





