 2.19791563e+05 3.00000000e+00 8.00000000e+00
 2.13575689e+05 1.00000000e+00 2.00000000e+00
 2.19004592e+05 3.00000000e+00 8.00000000e+00
 2.13575689e+05 1.00000000e+00 2.00000000e+00
 2.63664654e+05 9.00000000e+00 1.40000000e+01
 2.13575689e+05 1.00000000e+00 2.00000000e+00
 2.21065147e+05 2.00000000e+00 7.00000000e+00
 2.13575689e+05 1.00000000e+00 2.00000000e+00
 2.21003449e+05 2.00000000e+00 7.00000000e+00
 2.13575689e+05 1.00000000e+00 2.00000000e+00
 2.66235495e+05 2.00000000e+00 7.00000000e+00
 2.13575689e+05 1.00000000e+00 2.00000000e+00
