 3.19690046e+05 2.00000000e+01 3.90000000e+01
 2.76453495e+05 2.00000000e+01 4.10000000e+01
 3.11142808e+05 2.00000000e+01 4.00000000e+01
 2.75712650e+05 2.00000000e+01 4.20000000e+01
 2.94730333e+05 2.00000000e+01 4.20000000e+01
 2.75770212e+05 2.00000000e+01 4.10000000e+01
 3.27813143e+05 8.00000000e+00 9.20000000e+01
 2.75244069e+05 1.00000000e+01 1.27000000e+02
 3.30129675e+05 1.80000000e+01 2.05000000e+02
 2.74775091e+05 1.00000000e+01 1.23000000e+02
 3.31404211e+05 9.00000000e+00 1.06000000e+02
 2.74787422e+05 1.30000000e+01 1.66000000e+02
