 3.08497660e+05 6.30000000e+01 1.21000000e+02
 2.78260472e+05 1.18000000e+02 2.31000000e+02
 3.04013459e+05 8.10000000e+01 1.58000000e+02
 2.74530805e+05 1.20000000e+02 2.36000000e+02
 3.00156362e+05 1.99000000e+02 3.96000000e+02
 2.80630707e+05 3.80000000e+01 8.10000000e+01
 3.02039583e+05 2.50000000e+01 5.10000000e+01
 2.76398526e+05 4.80000000e+01 9.60000000e+01
 3.15579643e+05 1.40000000e+01 1.64000000e+02
 4.07071733e+05 2.40000000e+01 8.50000000e+01
 3.30129675e+05 1.80000000e+01 2.05000000e+02
 2.74775091e+05 1.00000000e+01 1.23000000e+02
 3.38788792e+05 1.50000000e+01 1.72000000e+02
 2.74541228e+05 8.00000000e+00 1.04000000e+02
