 2.22693646e+05 1.60000000e+01 2.40000000e+01
 2.13576456e+05 6.00000000e+00 7.00000000e+00
 3.27539534e+05 1.40000000e+01 3.40000000e+01
 3.49107715e+05 2.00000000e+00 5.30000000e+01
 2.13576456e+05 1.00000000e+00 2.00000000e+00
 2.13576456e+05 1.00000000e+00 2.00000000e+00
 4.07072637e+05 1.00000000e+00 2.00000000e+00
 4.07072637e+05 1.00000000e+00 2.00000000e+00
 2.34892685e+05 1.10000000e+01 1.60000000e+01
 2.13576456e+05 4.00000000e+00 5.00000000e+00
 2.81530531e+05 2.00000000e+01 4.10000000e+01
 2.78477990e+05 9.00000000e+00 1.19000000e+02
 2.37451717e+05 1.00000000e+01 1.50000000e+01
 2.13576456e+05 4.00000000e+00 5.00000000e+00
 2.71575788e+05 1.10000000e+01 2.70000000e+01
 2.72724395e+05 8.00000000e+00 1.20000000e+02
 2.21268200e+05 5.00000000e+00 1.00000000e+01
 2.13575689e+05 7.00000000e+00 8.00000000e+00
 3.27999312e+05 5.00000000e+00 1.50000000e+01
 3.48091228e+05 2.00000000e+00 5.30000000e+01
 2.13575689e+05 1.00000000e+00 2.00000000e+00
 2.13575689e+05 1.00000000e+00 2.00000000e+00
 4.07071733e+05 1.00000000e+00 2.00000000e+00
 4.07071733e+05 1.00000000e+00 2.00000000e+00
 2.28320226e+05 1.60000000e+01 2.50000000e+01
 2.13575689e+05 4.00000000e+00 5.00000000e+00
 2.74801158e+05 2.00000000e+01 4.00000000e+01
 2.79451620e+05 1.10000000e+01 1.49000000e+02
 2.29669421e+05 1.20000000e+01 1.70000000e+01
 2.13575689e+05 4.00000000e+00 5.00000000e+00
 2.71911909e+05 2.00000000e+01 4.00000000e+01
 2.72971102e+05 9.00000000e+00 1.38000000e+02
 2.23989084e+05 2.00000000e+01 2.40000000e+01
 2.18849468e+05 3.00000000e+00 4.20000000e+01
 2.94674991e+05 2.00000000e+01 4.10000000e+01
 3.48665245e+05 2.00000000e+00 5.40000000e+01
 2.13575658e+05 1.00000000e+00 2.00000000e+00
 2.13575658e+05 1.00000000e+00 2.00000000e+00
 4.07071697e+05 1.00000000e+00 2.00000000e+00
 4.07071697e+05 1.00000000e+00 2.00000000e+00
 2.32723678e+05 8.00000000e+00 1.30000000e+01
 2.13575658e+05 1.10000000e+01 1.20000000e+01
 2.74811679e+05 2.00000000e+01 4.10000000e+01
 2.79152003e+05 1.00000000e+01 1.40000000e+02
 2.34260989e+05 9.00000000e+00 1.40000000e+01
 2.13575658e+05 1.10000000e+01 1.20000000e+01
 2.72140552e+05 1.30000000e+01 3.00000000e+01
 2.73002165e+05 7.00000000e+00 1.09000000e+02
 2.20300896e+05 4.00000000e+00 9.00000000e+00
 2.13576456e+05 5.00000000e+00 6.00000000e+00
 3.11900823e+05 2.00000000e+01 4.00000000e+01
 3.49126141e+05 3.00000000e+00 6.10000000e+01
 2.13576456e+05 1.00000000e+00 2.00000000e+00
 2.13576456e+05 1.00000000e+00 2.00000000e+00
 4.07072637e+05 1.00000000e+00 2.00000000e+00
 4.07072637e+05 1.00000000e+00 2.00000000e+00
 2.29321206e+05 1.10000000e+01 1.60000000e+01
 2.13576456e+05 4.00000000e+00 5.00000000e+00
 2.74785432e+05 2.00000000e+01 4.10000000e+01
 2.81146035e+05 8.00000000e+00 1.16000000e+02
 2.31235122e+05 1.30000000e+01 1.80000000e+01
 2.13576456e+05 4.00000000e+00 5.00000000e+00
 2.71317295e+05 1.10000000e+01 2.70000000e+01
 2.72462307e+05 8.00000000e+00 1.25000000e+02
 2.20027018e+05 2.00000000e+01 2.50000000e+01
 2.13575689e+05 5.00000000e+00 6.00000000e+00
 3.27813623e+05 7.00000000e+00 2.00000000e+01
 3.49582318e+05 2.00000000e+00 5.40000000e+01
 2.13575689e+05 1.00000000e+00 2.00000000e+00
 2.13575689e+05 1.00000000e+00 2.00000000e+00
 4.07071733e+05 1.00000000e+00 2.00000000e+00
 4.07071733e+05 1.00000000e+00 2.00000000e+00
 2.29260051e+05 1.10000000e+01 1.60000000e+01
 2.13575689e+05 4.00000000e+00 5.00000000e+00
 2.76283441e+05 2.00000000e+01 4.20000000e+01
 2.81634433e+05 7.00000000e+00 1.03000000e+02
 2.31138044e+05 1.10000000e+01 1.60000000e+01
 2.13575689e+05 4.00000000e+00 5.00000000e+00
 2.71701060e+05 1.30000000e+01 3.00000000e+01
 2.72663618e+05 8.00000000e+00 1.26000000e+02
 2.20162401e+05 2.00000000e+01 2.50000000e+01
 2.13575658e+05 5.00000000e+00 6.00000000e+00
 2.93214122e+05 1.10000000e+01 2.70000000e+01
 3.49521945e+05 2.00000000e+00 5.40000000e+01
 2.13575658e+05 1.00000000e+00 2.00000000e+00
 2.13575658e+05 1.00000000e+00 2.00000000e+00
 4.07071697e+05 1.00000000e+00 2.00000000e+00
 4.07071697e+05 1.00000000e+00 2.00000000e+00
 2.29315768e+05 1.00000000e+01 1.50000000e+01
 2.13575658e+05 4.00000000e+00 5.00000000e+00
 2.74041667e+05 2.00000000e+01 4.10000000e+01
 2.81668599e+05 7.00000000e+00 1.05000000e+02
 2.82904547e+05 2.00000000e+01 2.10000000e+01
 2.13575658e+05 3.00000000e+00 4.00000000e+00
 2.71674260e+05 1.80000000e+01 3.80000000e+01
 2.72623516e+05 8.00000000e+00 1.25000000e+02
