# Created by Octave 5.2.0, Sat Sep 05 07:05:33 2020 CEST <tkanas@tkanas>
# name: p
# type: matrix
# rows: 401
# columns: 1
 0.069810037521214591
 0.069912985383678142
 0.069816524379772427
 0.069892095095160492
 0.069910735341571995
 0.069929365257870732
 0.069947962359778404
 0.069966500150817817
 0.069984949376299191
 0.070070098547719784
 0.070022663548937422
 0.070040646202342224
 0.070058413186055726
 0.070075934776572021
 0.07009318273383161
 0.070110130525880651
 0.070126753463699232
 0.070143028763407222
 0.070158935551617313
 0.07017445482793952
 0.070189569396530815
 0.070204263776646805
 0.070218524100153293
 0.070232338002239089
 0.070245694510010975
 0.070258583932404722
 0.070270997753699813
 0.070282928532188926
 0.070294369804777157
 0.070305315997904225
 0.070316083176792638
 0.070327531601397444
 0.070338599588255585
 0.070349286081792639
 0.070359590504413552
 0.070369512705531836
 0.070379052913923004
 0.070295398573343978
 0.070396416456040389
 0.070404840422286438
 0.070410844155898003
 0.070416556740179978
 0.070421979337035187
 0.070424259819115667
 0.070423829457601977
 0.070423373166267081
 0.070422890727688009
 0.070422381919543281
 0.070421846513350733
 0.070421284273191748
 0.070420694954421922
 0.070420078302402836
 0.070419434051209762
 0.070418761922347972
 0.070418061623450032
 0.070417332846979652
 0.070416575268923753
 0.070415788547456878
 0.070414972321628508
 0.070414126209998193
 0.07041324980926604
 0.070412342692899185
 0.07041140440970399
 0.070410434482391482
 0.070409432406099509
 0.070408397646883128
 0.070407329640159541
 0.070406227789110501
 0.070405091463026828
 0.07040391999560508
 0.070402956243312137
 0.070402956243312137
 0.070402956243312137
 0.070402956243312137
 0.070402956243312137
 0.070402956243312137
 0.070402956243312137
 0.070402956243312137
 0.070402956243312137
 0.070493627179632409
 0.070580873122188248
 0.070580692672680578
 0.07058049662242287
 0.070580284183231728
 0.070575269031079926
 0.070567842191883889
 0.070559848594657429
 0.070547358333280102
 0.070533924521088809
 0.070519520399047006
 0.070504091276035213
 0.070487579062532307
 0.070469922360571646
 0.070451056801061132
 0.070430915844861885
 0.070409388078295151
 0.59336760496834606
 0.59336760496834606
 0.59336760496834606
 0.59336760496834606
 0.59336760496834606
 0.59336760496834606
 0.59336760496834606
 0.59336760496834606
 0.59336760496834606
 0.59336760496834606
 0.59336760496834606
 0.59336760496834606
 0.59336760496834606
 0.59336760496834606
 0.59336760496834606
 0.59336760496834606
 0.59336760496834606
 0.59336760496834606
 0.59336760496834606
 0.59336760496834606
 0.59336760496834606
 0.59336760496834606
 0.59336760496834606
 0.59336760496834606
 0.59336760496834606
 0.59336760496834606
 0.59336760496834606
 0.59336760496834606
 0.59336760496834606
 0.59336760496834606
 0.59336760496834606
 0.59336760496834606
 0.59336760496834606
 0.59336760496834606
 0.59336760496834606
 0.59336760496834606
 0.59336760496834606
 0.59336760496834606
 0.59336760496834606
 0.59336760496834606
 0.59336760496834606
 0.59336760496834606
 0.59336760496834606
 0.59336760496834606
 0.59336760496834606
 0.59336760496834606
 0.59336760496834606
 0.59336760496834606
 0.59336760496834606
 0.59336760496834606
 0.59336760496834606
 0.59336760496834606
 0.59336760496834606
 0.59336760496834606
 0.59336760496834606
 0.59336760496834606
 0.59336760496834606
 0.59336760496834606
 0.59336760496834606
 0.59336760496834606
 0.59336760496834606
 0.59336760496834606
 0.59336760496834606
 0.59336760496834606
 0.59336760496834606
 0.59336760496834606
 0.59336760496834606
 0.59336760496834606
 0.59336760496834606
 0.59336760496834606
 0.59336659990707186
 0.59336558368857917
 0.59336455531636911
 0.59336351381409158
 0.59336245822348022
 0.59336138760239099
 0.59336030102293891
 0.59335919756972821
 0.59335807633816273
 0.59335693643283982
 0.59335577696601371
 0.59335459705612903
 0.59335339582641611
 0.59335217240354488
 0.59335092591633343
 0.5933496554945068
 0.59334836026750137
 0.59334703936331379
 0.5933456919073884
 0.59334431702154133
 0.59334291382292004
 0.59334148142299159
 0.59334001892656141
 0.59333852543081622
 0.59333700002439349
 0.59333544178646913
 0.59333384978586812
 0.59333222308018985
 0.59333056071495227
 0.59332886172274746
 0.59332712512241093
 0.59332534991820207
 0.59332353509899316
 0.59332167963746751
 0.59331978248932238
 0.59331784259247899
 0.59331585886629545
 0.59331383021078243
 0.59331175550582183
 0.59330963361038436
 0.59330746336174733
 0.59330524357471148
 0.59330297304081347
 0.593300650527537
 0.59329827477751773
 0.5932958445077442
 0.59329335840875153
 0.59329081514380722
 0.59328821334809201
 0.59328555162786778
 0.59328282855963888
 0.59328004268930201
 0.59327719253128386
 0.59327427656766896
 0.5932712932473122
 0.59326824098493947
 0.59326511816023308
 0.59326192311690329
 0.59325865416174139
 0.59325530956365957
 0.59325188755271063
 0.59324838631909071
 0.59324480401212365
 0.59324113873922446
 0.59323738856484365
 0.59323355150938861
 0.59322962554812575
 0.59322560861005702
 0.59322149857677442
 0.59321729328129102
 0.59321299050684417
 0.59320858798567577
 0.59320408339778286
 0.59319947436964338
 0.5931947584729107
 0.59318993322308111
 0.59318499607812847
 0.59317994443711053
 0.5931747756387401
 0.59316938426224808
 0.59316386783711217
 0.5931582234570103
 0.59315033798612338
 0.5931420251200118
 0.59313351937389891
 0.59312481626074087
 0.59311591118861828
 0.59310679945819156
 0.59309747626012677
 0.59308793667240267
 0.59307817565756504
 0.59306818805996686
 0.59305796860284243
 0.59304751188541249
 0.59303681237983097
 0.59302586442811345
 0.59301466223894761
 0.59300319988445094
 0.59299147129685426
 0.59297947026502795
 0.59296719043099511
 0.59295462528639464
 0.59294176816866162
 0.59292861225732563
 0.59291515057009903
 0.59290078453846606
 0.59288608446054458
 0.59287104251805989
 0.59285565070630142
 0.59283990082951477
 0.59282378449619555
 0.59280729311408897
 0.59279041788521469
 0.59277314980070683
 0.59275547963539377
 0.59273739794247071
 0.5927188950477571
 0.59269996104402878
 0.59268058578496541
 0.59266075887908387
 0.59264046968353623
 0.59261970729749158
 0.59259846055564058
 0.59257671802123391
 0.59255446797904276
 0.59253169842822984
 0.59250839707471525
 0.59248455132356714
 0.59246014827113547
 0.59243517469675888
 0.59240961705449613
 0.59238346146435328
 0.59235669370342559
 0.59232929919664057
 0.5923012630073301
 0.59227256982729914
 0.59224320396693075
 0.59221314934457403
 0.59218238947590107
 0.59215090746277499
 0.59211868598171347
 0.59208570727221355
 0.59205195312428005
 0.59201740486591703
 0.59198204335015403
 0.59195349748107184
 0.59195331460034228
 0.59195312575882431
 0.59195293074223265
 0.59195272932526655
 0.59195252127127274
 0.59195230633186868
 0.59195208424626222
 0.5919518547406466
 0.59195161752765291
 0.59195137230557349
 0.5919511187576888
 0.59195085655136415
 0.59195058533769207
 0.5919503047498561
 0.59195001440302897
 0.59194971389296192
 0.59194940279495034
 0.59194908066305452
 0.59194874702858491
 0.59194840139921556
 0.59194804325752282
 0.59194767205989152
 0.59194728723475531
 0.59194688818127972
 0.59194647426777258
 0.59194604482996604
 0.59194559916935774
 0.59194513655124303
 0.59194465620262893
 0.59194415731037242
 0.59194363901895264
 0.59194310042812104
 0.59194254059027773
 0.59194195850852382
 0.59194135313348351
 0.59194072336105796
 0.59194006802932775
 0.59193938591620754
 0.59193867573661374
 0.59193793614034551
 0.59193716570942689
 0.5919363629572898
 0.5919355263273981
 0.59193465419386937
 0.59193374486402928
 0.59193279658190301
 0.59193180753673635
 0.59193077587403975
 0.59192969971281872
 0.59192857717024128
 0.59192740639505315
 0.59192618561238952
 0.59192491318532214
 0.591923587691916
 0.59192220802810502
 0.59192077353679551
 0.59191928417180273
 0.59191774070308101
 0.59191614497026057
 0.59191450019467529
 0.59191281135802065
 0.59191108566008199
 0.59190933306276772
 0.59190756693396274
 0.59190580479920951
 0.5919040692053682
 0.59190238869552503
 0.59190079888998015
 0.59189934363788543
 0.59189807619473234
 0.59189706032460998
 0.59189637117799587
 0.59189609568759671
 0.59189633210242443
 0.59189718806321889
 0.59189877633446131
 0.59190120687931835
 0.59190457334318336
 0.59190893113193888
 0.59191426299085581
 0.59192042615236562
 0.59192707247931176
 0.59193352921141407
 0.59193862254654162
 0.59194041897792304
 0.59193585041092089
 0.59192018108503985
 0.59188647674445105
 0.59246205014955222


# name: outp
# type: scalar struct
# ndims: 2
 1 1
# length: 4
# name: niter
# type: scalar
5


# name: nobjf
# type: scalar
93


# name: lambda
# type: matrix
# rows: 802
# columns: 1
 0
 0
 0
 0
 0
 0
 0
 0
 0
 0
 0
 0
 0
 0
 0
 0
 0
 0
 0
 0
 0
 0
 0
 0
 0
 0
 0
 0
 0
 0
 0
 0
 0
 0
 0
 0
 0
 0
 0
 0
 0
 0
 0
 0
 0
 0
 0
 0
 0
 0
 0
 0
 0
 0
 0
 0
 0
 0
 0
 0
 0
 0
 0
 0
 0
 0
 0
 0
 0
 0
 305.72926030308008
 329.76322028040886
 354.51755222678185
 380.00817450881004
 406.25188671052456
 433.26636216789484
 461.07025726139545
 489.683205075562
 519.12586542963982
 0
 0
 0
 0
 0
 0
 0
 0
 0
 0
 0
 0
 0
 0
 0
 0
 0
 0
 0
 0
 0
 0
 0
 0
 0
 0
 0
 0
 0
 0
 0
 0
 0
 0
 0
 0
 0
 0
 0
 0
 0
 0
 0
 0
 0
 0
 0
 0
 0
 0
 0
 0
 0
 0
 0
 0
 0
 0
 0
 0
 0
 0
 0
 0
 0
 0
 0
 0
 0
 0
 0
 0
 0
 0
 0
 0
 0
 0
 0
 0
 0
 0
 0
 0
 0
 0
 0
 0
 0
 0
 0
 0
 0
 0
 0
 0
 0
 0
 0
 0
 0
 0
 0
 0
 0
 0
 0
 0
 0
 0
 0
 0
 0
 0
 0
 0
 0
 0
 0
 0
 0
 0
 0
 0
 0
 0
 0
 0
 0
 0
 0
 0
 0
 0
 0
 0
 0
 0
 0
 0
 0
 0
 0
 0
 0
 0
 0
 0
 0
 0
 0
 0
 0
 0
 0
 0
 0
 0
 0
 0
 0
 0
 0
 0
 0
 0
 0
 0
 0
 0
 0
 0
 0
 0
 0
 0
 0
 0
 0
 0
 0
 0
 0
 0
 0
 0
 0
 0
 0
 0
 0
 0
 0
 0
 0
 0
 0
 0
 0
 0
 0
 0
 0
 0
 0
 0
 0
 0
 0
 0
 0
 0
 0
 0
 0
 0
 0
 0
 0
 0
 0
 0
 0
 0
 0
 0
 0
 0
 0
 0
 0
 0
 0
 0
 0
 0
 0
 0
 0
 0
 0
 0
 0
 0
 0
 0
 0
 0
 0
 0
 0
 0
 0
 0
 0
 0
 0
 0
 0
 0
 0
 0
 0
 0
 0
 0
 0
 0
 0
 0
 0
 0
 0
 0
 0
 0
 0
 0
 0
 0
 0
 0
 0
 0
 0
 0
 0
 0
 0
 0
 0
 0
 0
 0
 0
 0
 0
 0
 0
 0
 0
 0
 0
 0
 0
 0
 0
 0
 0
 0
 0
 0
 0
 0
 0
 0
 0
 0
 0
 0
 0
 0
 0
 0
 0
 0
 0
 0
 0
 0
 0
 0
 0
 0
 0
 0
 0
 0
 0
 0
 0
 0
 0
 0
 0
 0
 0
 0
 0
 0
 0
 0
 0
 0
 0
 0
 0
 0
 0
 0
 0
 0
 0
 0
 0
 0
 0
 0
 0
 0
 0
 0
 0
 0
 0
 0
 0
 0
 0
 0
 0
 0
 0
 0
 0
 0
 0
 0
 0
 0
 0
 0
 0
 0
 0
 0
 0
 0
 0
 0
 0
 0
 764.79197436547838
 760.9237239464419
 756.72093405382475
 752.16669405443827
 745.92667792917928
 738.6392277572304
 730.7910973286489
 724.20945877180202
 717.15288137982134
 709.58234396699117
 701.46874487475725
 692.7811709397356
 683.48694518656703
 673.55180427094456
 662.94032253569458
 651.59285772813018
 661.45145238435362
 651.93014355574269
 643.17580714024371
 635.10114530147985
 627.64506014232757
 620.752270250523
 614.37300303549273
 608.46252370020375
 602.98062591970665
 597.89114107011119
 593.16148696490563
 588.76226360211149
 584.6668953410117
 580.85131579183508
 577.29369171953294
 573.97418035799637
 570.87471704173367
 567.97882792877499
 565.27146588626783
 562.73886517365463
 560.36841373133939
 558.14853948983364
 556.06861015642062
 554.11884373123758
 552.29022913065273
 550.57445506169461
 548.96384675323498
 547.45130942040123
 546.03027734544594
 544.69466745376121
 543.43883925268892
 542.25755700748414
 541.14595650578849
 540.09951491456013
 539.11402266751975
 538.18555941968225
 537.31047081272118
 536.48534852638841
 535.70701062667649
 534.97248514695093
 534.27899442438502
 533.62394041568041
 533.00489177904092
 532.41957211517729
 531.86584881856106
 531.3417221759446
 530.84531733742915
 530.37487471755594
 529.92874239082448
 529.5053691060748
 529.10329665709287
 528.72115462622605
 528.35765363276005
 528.01158076012507
 558.17225847695954
 527.34676100662909
 527.04729447537102
 526.76100864051841
 526.48700613901019
 526.22444094368257
 525.97251384705305
 525.73047085525468
 525.49759895028546
 525.27322477009147
 525.05671151867136
 524.84745640400797
 524.64488906832412
 524.44846945907921
 524.25768592627719
 524.07205267436802
 523.63725541508757
 523.20389134506695
 522.77129200147465
 522.33881433308125
 521.90583887742832
 521.47176840854809
 521.03602627571672
 520.59805457666516
 520.15731270145625
 519.71327661769465
 519.26543685607612
 518.8132972526364
 518.35637498227879
 517.89419734338298
 517.42630310589448
 516.9522394137457
 516.4715634691529
 515.98383718496189
 515.48863220075145
 514.98552305670455
 514.4740917943418
 513.95392336091027
 513.42460697796196
 512.88573457626626
 512.33690009266138
 511.77769962092862
 511.20773009397089
 510.62658842187375
 510.03387183509767
 509.42917875899002
 508.81210237182677
 508.18223777646199
 507.53917745500803
 506.88250923901796
 506.21182052884251
 505.5266931746155
 504.82670647185296
 504.11143366806209
 503.380445972085
 502.63330714218318
 501.86957516614348
 501.08880406524986
 500.29053954593837
 499.47432108782232
 498.63968190643936
 497.78614622261375
 496.91323169507086
 496.02044760528952
 495.10729150753468
 494.17325777560472
 493.21782656852156
 492.2404690971598
 491.24064979888499
 490.2178172012791
 489.17141296342015
 488.10086583066732
 487.00559495668858
 485.88500485662371
 484.73848772980273
 483.56542616616935
 482.36518583260477
 481.13712162803859
 479.8805719986558
 478.59486474096775
 477.27930804155767
 475.93319854512811
 474.55581706762314
 473.14642450772226
 471.70427209883928
 470.22858816385269
 468.71858466602862
 467.17345957830548
 465.59238816797733
 463.97453002817929
 462.31902099959552
 460.62498279102147
 458.89151383936405
 457.11769097670913
 455.3025728315115
 453.25056627579033
 451.15079334750772
 449.00214296579361
 447.80890147387981
 446.70426460914314
 445.57380271144211
 444.41689623706043
 443.23291345126927
 442.02120682410896
 440.78110744431615
 439.51194326579571
 438.21301319636405
 436.88360648602247
 435.52299299091101
 434.13041872903705
 432.70512623339891
 431.24632331728935
 429.7532055079937
 428.22495240345597
 426.66071255132556
 425.05962257832289
 423.42079279944301
 421.74331238120794
 420.02624450623989
 418.26863610744476
 2.7717082731693931e-321
 0
 0
 0
 0
 0
 0
 0
 0
 0
 0
 0
 0
 0
 0
 0
 0
 0
 0
 0
 0
 0
 0
 0
 0
 0
 0
 0
 0
 0
 0
 0
 0
 0
 0
 0
 0
 0
 0
 0
 0
 0
 0
 0
 0
 0
 0
 0
 0
 0
 0
 0
 0
 0
 0
 0
 0
 0
 0
 0
 0
 0
 0
 0
 0
 0
 0
 0
 0
 0
 0
 0
 0
 0
 0
 0
 0
 0
 0
 0
 0
 0
 0
 0
 0
 0
 0
 0
 0
 0
 0
 0
 0
 0
 0
 0
 0
 0
 0
 0
 0
 0
 0
 0
 0
 0
 0
 0
 0
 0
 0
 0
 0
 0
 0
 0
 0
 0
 0
 0
 0
 0
 0
 0
 0
 0
 0
 0
 0
 0
 0


# name: constrviolation
# type: scalar
0




