# Created by Octave 5.2.0, Sat Sep 05 07:46:17 2020 CEST <tkanas@tkanas>
# name: p
# type: matrix
# rows: 651
# columns: 1
 0.11457489258351938
 0.11902915027941004
 0.11915125053095822
 0.12046262634008464
 0.11971319377066947
 0.12170011699296752
 0.12158516754927375
 0.12099954147058126
 0.11996408954453212
 0.11851151351244847
 0.11668441579737743
 0.1145328432773406
 0.11211165297402541
 0.10947793835414388
 0.10668866789116584
 0.10379870263708331
 0.10085918635668172
 0.097916384190696676
 0.095860346584415806
 0.092270562395793843
 0.08953404319272068
 0.086920273398878228
 0.08444695246970528
 0.082127106901811645
 0.079969986355531111
 0.14867856475824373
 0.14667601431681035
 0.14468504318613551
 0.14271140449958075
 0.1407550226328092
 0.13881581965803833
 0.13689371593954727
 0.13498863136938663
 0.13310048394724713
 0.13122919053390156
 0.1293746674568472
 0.12753682923552051
 0.12571559068788693
 0.12391086491298643
 0.12212256444865327
 0.12035060126451763
 0.11859488679866816
 0.11685533139308593
 0.11513184558730714
 0.11342433832025853
 0.1117327194874603
 0.11005689725396701
 0.10839678011133061
 0.10675227531458276
 0.10512329097516424
 0.10350973396103562
 0.10191151138750885
 0.10032852927247067
 0.098760694287325576
 0.097207912446345288
 0.095670089214987333
 0.0941471307625774
 0.092638941959102772
 0.091145428484122021
 0.089666494996537449
 0.088202046835108391
 0.086751988758675888
 0.085316225525604875
 0.083894661476627941
 0.082487201831844548
 0.081093750394614861
 0.079714211937377433
 0.078348491383649646
 0.07699649232925504
 0.075658119875479518
 0.074333277782392362
 0.073021871049956888
 0.071723804038473074
 0.070438981361804959
 0.069167307331886835
 0.067908687061277478
 0.066663024719652866
 0.065430225585611027
 0.064210194198739495
 0.063002835953148081
 0.061808055913861001
 0.060625759169159535
 0.059455851514164999
 0.058298238096252203
 0.057152825146879582
 0.056019517800638845
 0.054898223049805531
 0.0537888470636049
 0.052691295592417801
 0.051605475996304787
 0.050531295064916493
 0.049468659433050316
 0.048417477302203832
 0.047377655427394999
 0.046349102302602571
 0.045331725455089844
 0.044325434006602563
 0.043330135463288254
 0.042345739888987176
 0.041372155853986757
 0.040409292294023964
 0.03945706031795361
 0.038515368620816615
 0.037584128620144361
 0.036663250504423116
 0.035752645315768973
 0.03485222433355864
 0.033961899422624731
 0.033081582518745108
 0.032211185762610464
 0.031350622028862643
 0.030499804580132517
 0.029658646314141772
 0.028827061355847543
 0.028004963894774991
 0.027192267984055316
 0.026388888716123902
 0.025594741897241004
 0.024809742583140653
 0.02403380708053263
 0.023266851678022223
 0.02250879315009597
 0.021759548727230241
 0.021019036621371404
 0.020287174138634352
 0.019563879965773523
 0.01884907316777187
 0.018142673174941136
 0.017444599594009423
 0.016754772340793818
 0.016073112368141844
 0.015399540491903421
 0.014733978695367992
 0.014076348235037714
 0.013426571995803429
 0.012784572898363201
 0.012150274046803966
 0.011523599135600682
 0.010904472435309755
 0.010292819355278921
 0.0096885643648727555
 0.009091633956370743
 0.0085019534224537487
 0.0079194504463974795
 0.0073440523286590091
 0.0067756866631984141
 0.0062142816107166902
 0.0056597662500575451
 0.0051120703928378523
 0.0045711241546136485
 0.004036858144425619
 0.0035092036717775583
 0.0029880932395828772
 0.0024734595161456248
 0.0019652354833421099
 0.0014633555362517996
 0.0009677551189239107
 0.00047836989446092593
 4.851139477732693e-07
 1.6778062651841964e-05
 0.00010143944532554256
 0
 8.8236169870116963e-07
 8.0445959570909915e-19
 1.1638145172669125e-22
 3.4915595088754033e-06
 0
 4.5064490251644134e-19
 3.8931537562282587e-07
 2.9838164602478222e-08
 0
 0.057838963212477917
 0.67380090429757522
 0.66485975015255838
 0.65585500198408253
 0.64695892575842007
 0.63817003997140254
 0.62948685013701233
 0.62090787012383863
 0.61243162418951802
 0.60405665371091755
 0.59582934899485729
 0.59070693991945933
 0.58777020976817007
 0.59471781931552503
 0.58897311094972071
 0.59603381951090784
 0.59127148550463782
 0.59147305815711315
 0.59369492520675538
 0.59069484178833964
 0.59718795259084123
 0.58925156318716099
 0.58393002779337733
 0.60058651645730066
 0.59228628209147949
 0.58216055303205594
 0.57447516866432602
 0.60516395784687949
 0.59656700317277711
 0.58936235581163943
 0.59185723704126403
 0.59375277811130966
 0.59378189022713601
 0.59306895177467855
 0.59073697704863737
 0.59317535504398311
 0.59513191149831157
 0.59419607954112541
 0.59239494238691903
 0.59196637785098272
 0.59191955317472045
 0.59644797610377032
 0.59395556205387101
 0.59340558020838896
 0.58930930233280143
 0.58139771369637716
 0.57260621895511454
 0.56383487130717547
 0.55516647087026161
 0.54659908778354782
 0.53813080448368777
 0.52975975353696236
 0.52148411560690211
 0.51330211836250172
 0.50521203435740891
 0.49721218017108765
 0.48930091394604419
 0.48147663541186453
 0.47373778323748889
 0.46608283468058265
 0.45851030376863589
 0.45101874047804752
 0.44360672964893344
 0.43627289022511495
 0.4290158728724956
 0.42183436081095088
 0.4147270679392136
 0.40769273803415002
 0.40073014409821667
 0.39383808724535413
 0.38701539658304046
 0.38026092769457787
 0.37357356301070843
 0.36695220958506514
 0.36039580087655038
 0.35390329382189756
 0.34747366980218047
 0.34110593366909175
 0.33479911362882897
 0.32855226030738599
 0.32236444756891142
 0.31623477108418874
 0.3101623485274555
 0.30414631965323236
 0.2981858837225389
 0.29249158445405521
 0.80930035943043566
 0.80376949496581929
 0.79814517642331029
 0.79263049971520871
 0.78722287434538207
 0.78191974784103324
 0.77671864182109918
 0.77161714829090799
 0.76661292846197204
 0.76170371008964499
 0.75688728671221628
 0.75216151509679141
 0.74752431312146539
 0.7429736587229081
 0.73850758738326938
 0.73412419082196534
 0.72982161453056293
 0.72559805691212198
 0.721451767069343
 0.71738104383481227
 0.71338423306287946
 0.70945972718569739
 0.70560596302427581
 0.70182142102288914
 0.69810462333490908
 0.69445413187453819
 0.69086854908259909
 0.68734651420234749
 0.68388670373733995
 0.68048782926811879
 0.67714863710606066
 0.67386790700308952
 0.67064445014552965
 0.66747711009878319
 0.66436475968429876
 0.66130630108716082
 0.65830066541936549
 0.65534681049750632
 0.65244372115337079
 0.64959040816579039
 0.64678590652679524
 0.64402927585772118
 0.64131959977921849
 0.63865598361040243
 0.63603755532586359
 0.633463464313608
 0.63093288017080573
 0.62844499292324896
 0.62599901261491131
 0.62359416661767786
 0.6212297027407917
 0.61890488541554212
 0.61661899604582626
 0.61437133386339515
 0.61216121315503025
 0.60998796508816255
 0.60785093597962359
 0.6057494860701681
 0.6036829919022102
 0.60165084495603327
 0.59965268385430548
 0.59769860760592852
 0.59593875315010303
 0.59482814762261016
 0.59368225638352479
 0.59177020239581557
 0.59065439681768162
 0.59045569503684447
 0.59049089847768044
 0.59033477296279158
 0.59000081103651147
 0.58984879560897119
 0.59005927303658656
 0.59039547422831451
 0.59066535361023664
 0.5908692821574506
 0.59103195569266875
 0.59127690260120336
 0.59171984800657029
 0.59222903568768726
 0.59259566369223882
 0.59283158383114065
 0.59292955667858716
 0.59277623627476583
 0.59251136534444249
 0.59228535018317763
 0.59205270709622271
 0.59166540010141433
 0.59107500839999771
 0.5904976051880424
 0.59027109348722184
 0.59054675840102266
 0.5911425724389161
 0.59180931741854825
 0.59241664680150252
 0.59279367986285569
 0.59283951016143555
 0.59256315384527436
 0.59212474670515136
 0.5916691561825036
 0.59120070049283369
 0.59059138632382369
 0.59025771266438753
 0.59144794770284348
 0.59211014374013526
 0.59164842220938452
 0.59143662866906788
 0.59144818627742957
 0.5914854664586997
 0.5914777958788775
 0.59173673669708715
 0.59196489102445382
 0.59160495520182388
 0.59109552908935237
 0.59139773171352994
 0.59243163577313041
 0.59270777048178391
 0.59222397863972709
 0.59185716459143112
 0.59194132615778094
 0.59214876924904658
 0.59192186561861371
 0.59093240478016051
 0.58986012654734765
 0.59238169712890409
 0.59326501637963491
 0.59234113614478157
 0.59163872842912402
 0.59140337926723519
 0.59147946694290299
 0.59164417535405811
 0.59161175632446372
 0.59122351839879361
 0.59149886263831319
 0.59346563901515126
 0.5926005773525076
 0.59234078485486485
 0.59174690355670267
 0.59141784452002344
 0.59288419597571185
 0.59310910910445103
 0.59224980624262336
 0.5916500806031203
 0.59191188451424259
 0.59232421112902578
 0.59200511248717669
 0.59156217062060967
 0.59106446014966685
 0.5904333004463268
 0.5908413600088207
 0.5923227659547885
 0.59195259548257995
 0.59146795466454927
 0.59121584870003796
 0.59083010046254147
 0.59020872861973639
 0.59041469348990294
 0.59170563985187052
 0.59180082121336675
 0.59114037872095127
 0.59057349156631445
 0.59026662274257813
 0.59083082229659023
 0.59083967232211354
 0.59089036715971532
 0.59147556253540978
 0.59196948380207592
 0.59193118828293945
 0.59214767304766425
 0.59255005205224998
 0.59270750900636526
 0.59276932688810191
 0.59237662332505081
 0.59174483198461092
 0.59116766179925284
 0.59090362033939947
 0.59094337778965966
 0.59078665317351509
 0.59080954115221274
 0.59070566090519772
 0.5909060636301825
 0.5914653861339132
 0.59203150791370485
 0.59239181257642215
 0.59237557108365035
 0.59122335163007811
 0.5899577963790299
 0.5894951832488261
 0.59004620333143776
 0.5897890406153643
 0.58932174120532566
 0.58878801766309585
 0.58859494103997656
 0.58892346612203383
 0.58931281724829931
 0.58961630985806879
 0.58994243341327068
 0.59025306505473374
 0.59054385442388413
 0.59163549132464788
 0.59266637971052238
 0.59277329808390877
 0.593138926695015
 0.59364897399974914
 0.59461673670130344
 0.59550455262845114
 0.59552368423504742
 0.59481339165549629
 0.59345357031277302
 0.59202452109876835
 0.59218706410228772
 0.59202440293206782
 0.59121734091749356
 0.59046989952756201
 0.59019340936505904
 0.5903917291524079
 0.59061046473339485
 0.59076476734662409
 0.59055295855035894
 0.58994798539178128
 0.59023827298887033
 0.59199683056788588
 0.59153472998861178
 0.5905950744594981
 0.59003286362098528
 0.59001842801676929
 0.590473812421764
 0.59080511004470349
 0.59096647207218633
 0.59121422107791644
 0.59157270585382282
 0.59222509913514931
 0.59368254079965521
 0.59446855673641452
 0.59449338650034322
 0.59497415768481521
 0.59478639447855353
 0.59432372010737766
 0.59362053201520537
 0.59283420463449032
 0.59369417222014953
 0.59416744842628222
 0.59350169421592713
 0.59303291000637637
 0.59270190830985248
 0.59209611904680781
 0.59130317144137778
 0.59238720408129486
 0.592618370213576
 0.59201733040911964
 0.59170283595584228
 0.59154998431514583
 0.59159730302984703
 0.59172873974412565
 0.59173973957876735
 0.5914812434819986
 0.59185484301393043
 0.59292560802272998
 0.5927865627231822
 0.59269440154198982
 0.59297296522409459
 0.59347509350697936
 0.5939005961113315
 0.59386163829287097
 0.59311537866418051
 0.59165953687355788
 0.58959775094567468
 0.58721386148824062
 0.59262383565105925
 0.59155629447974845
 0.59176412822789404
 0.59167360009139092
 0.59151637067592056
 0.59151182505582345
 0.59159230432084486
 0.59174959398922289
 0.59191475832947749
 0.59201737753930006
 0.59189252415882565
 0.59171893485731653
 0.59166216895223489
 0.59166862772858397
 0.59168982474992859
 0.59172961784759814
 0.59179508056264285
 0.59186266978224178
 0.59188707781009386
 0.59189182586736466
 0.59193435576937303
 0.59198348351981489
 0.59187564145160243
 0.59179138909747531
 0.59180516669730276
 0.5917267160563825
 0.59178201128535313
 0.59176524205128866
 0.59175780992511606
 0.5917916600776284
 0.59179488979384021
 0.59177399051836133
 0.59176558493620035
 0.59179245683658765
 0.59184779445357594
 0.59188246508275333
 0.5918768250481532
 0.59185458113320455
 0.59183498096140208
 0.59182543404366206
 0.59183212974598987
 0.5917791205910623
 0.59153022840970793
 0.59133109353281621
 0.59132832005162728
 0.59139078234693765
 0.59155303264984194
 0.59179752886749293
 0.59202907507753932
 0.59219407155439707
 0.59230663629923141
 0.59221878539059003
 0.59198276359417368
 0.59201615034335531
 0.59191501450288553
 0.59186154076678166
 0.59171840115701946
 0.5916859331938138
 0.59168695735906451
 0.59164611632981978
 0.59170471695982241
 0.59168294041870051
 0.59154545571326278
 0.59139781532656777
 0.59122085751594422
 0.59107354105582988
 0.5910703007619037
 0.59131201487770835
 0.59176573996142845
 0.59224535613258733
 0.59252944394986029
 0.59251810537696437
 0.59233473114364799
 0.5922298994550047
 0.59200793255184858
 0.59191879849131723
 0.5918377798992559
 0.59176446834951024
 0.5917532355290912
 0.59176612967212938
 0.59171463832456772
 0.59167376311945208
 0.59172312977080976
 0.59177211737257662
 0.59175729366438767
 0.59187209695954757
 0.59200528666873242
 0.59192771761440355
 0.59183700157795383
 0.59174667737235775
 0.59166341425294566
 0.59163278557200594
 0.59163495764447638
 0.59165916639706184
 0.59166409736039172
 0.59166439358419509
 0.59171213969119674
 0.59179012485552529
 0.59188861885432731
 0.59194693083150929
 0.59204848631539631
 0.59216814765340886
 0.59219049203959429
 0.59216185058808624
 0.59204346363115723
 0.59192547008282392
 0.59174281206542312
 0.59164283368568327
 0.59170899120861153
 0.5916227204848381
 0.59180697882164091
 0.59179542154835918
 0.59172706285020504
 0.59182231556825482
 0.59183945031849827
 0.59187980394030193
 0.59175255072056487
 0.59177072492893268
 0.59158748117640669
 0.59147858926700392
 0.59105675676261249
 0.59164440956366016
 0.59234852752760647
 0.5921927905926202
 0.59153404885880589
 0.59202947740842582


