# Created by Octave 5.2.0, Fri Sep 04 00:17:01 2020 CEST <tkanas@tkanas>
# name: p
# type: matrix
# rows: 651
# columns: 1
 1.1081380489670607
 1.090570079415252
 1.1079988495045505
 1.1080392516205115
 1.1179305768164336
 1.103385405819765
 1.0997220939319836
 1.0955855430710433
 1.0911914353294294
 1.0866599965995731
 1.0820383778092313
 1.0773261717813774
 1.0725007378928868
 1.0675404536052733
 1.0624454811352204
 1.0572565618702712
 1.0520729081219826
 1.0470711554683212
 1.0371967896014724
 1.0387696591203768
 1.0362582683719379
 1.0359038911131402
 1.0387744063747801
 1.0463658199496932
 1.0608156464797522
 0.27417436288754454
 0.27482840041492629
 0.27544213756409724
 0.27605167085281251
 0.27665696735625772
 0.27725799667041795
 0.27785473063130978
 0.27844714317354796
 0.27903521019818417
 0.27961890946522194
 0.28019822047451043
 0.28077312436671353
 0.28134360383204937
 0.2819096430132042
 0.28247122743751979
 0.28302834391735787
 0.28358098050219965
 0.28412912639814292
 0.28467277191186452
 0.2852119083862491
 0.28574652815778417
 0.28627662449576052
 0.28680219155685499
 0.28732322434521251
 0.28783971867115987
 0.28835167110916543
 0.28885907896127683
 0.28936194023000378
 0.2898602535751264
 0.29035401829695912
 0.29084323429503639
 0.29132790205426784
 0.29180802260933858
 0.29228359752639832
 0.29275462887731868
 0.29322111922214295
 0.29368307158575602
 0.29414048944009391
 0.29459337668022262
 0.29504173761965935
 0.29548557695851368
 0.29592489977949032
 0.29635971152101154
 0.29679001797285315
 0.29721582525500351
 0.29763713980907647
 0.29805396837908038
 0.29846631800335516
 0.29887419599959381
 0.29927760995362201
 0.2996765677078107
 0.30007107734709126
 0.30046114719536948
 0.30084678579569302
 0.30122800190412419
 0.30160480448020843
 0.30197720267435119
 0.30234520582308405
 0.30270882343064254
 0.30306806516973106
 0.30342294086490756
 0.30377346048916881
 0.30411963414782478
 0.30446147207802438
 0.3047989846378138
 0.30513218229374062
 0.30546107561415403
 0.30578567527070544
 0.30610599201418776
 0.30642203667859297
 0.30673382017205669
 0.30704135346437139
 0.30734464758390379
 0.30764371360859127
 0.30793856266442887
 0.30822920590416436
 0.30851565451948232
 0.30879791971780185
 0.30907601272533464
 0.30934994477812483
 0.3096197271107225
 0.30988537095925434
 0.31014688754867531
 0.3104042880860664
 0.31065758375822822
 0.31090678571967306
 0.31115190509807933
 0.31139295297566766
 0.31162994039097125
 0.31186287832995202
 0.31209177772428798
 0.31231664943988308
 0.31253750427957344
 0.31275435296634424
 0.31296720614973139
 0.31317607439599809
 0.31338096818306921
 0.31358189788961299
 0.31377887380078651
 0.31397190609647202
 0.31416100485043386
 0.31434618001879477
 0.31452744144501082
 0.31470479884804675
 0.3148782618150674
 0.31504783980767898
 0.31521354215245134
 0.31537537802918736
 0.31553335647893277
 0.31568748638982974
 0.31583777650003408
 0.31598423538758097
 0.31612687147252738
 0.31626569300524676
 0.31640070806630538
 0.31653192457007101
 0.31665935024593961
 0.31678299264643062
 0.31690285913679295
 0.31701895689590931
 0.31713129290896985
 0.31723987396411535
 0.31734470665273129
 0.3174457973620704
 0.31754315227031438
 0.31763677735043044
 0.31772667835864893
 0.31781286083388538
 0.3178953300973838
 0.31797409124346099
 0.31804914914635724
 0.3181205084426057
 0.3181881735401077
 0.31825214861176376
 0.31831243758562222
 0.31836904415661949
 0.31842197176620535
 0.31847122361025026
 0.31851680263702314
 0.31855871153482634
 0.31859695274114608
 0.31863152843234471
 0.31866244051792791
 0.31868969064882474
 0.31871328020673045
 0.31873321029957979
 0.31874948176847584
 0.31876209517386311
 0.31877105080235468
 0.31877634865788856
 0.31877798846324007
 0.31877596965676247
 0.3187702913881631
 0.31876095251830289
 0.31874795161808589
 0.31873128696217612
 0.31871095653316067
 0.31868695801157432
 0.31865928877989869
 0.31862794592134092
 0.31859292621272622
 0.31855422612784656
 0.31851184183126358
 0.31846576918135516
 0.31841600372220302
 0.31836254069545955
 0.31830537501763151
 0.31824450130213483
 0.31817991383997518
 0.31811160660416232
 0.31803957325782545
 0.31796380713702987
 0.31788430126381234
 0.31780104833658224
 0.31771404073131854
 0.31762327050781869
 0.31752872939853904
 0.31743040881563789
 0.31732829985036154
 0.31722239326303214
 0.31711267950153316
 0.31699914868820184
 0.31688179061831312
 0.31676059477062535
 0.31663555030217161
 0.31650664604652501
 0.31637387052414312
 0.31623721193115445
 0.31609665814773535
 0.31595219674960945
 0.31580381498210985
 0.31565149979244317
 0.31549523781549632
 0.31533501537819958
 0.31517081850609591
 0.31500263292212438
 0.31483044405399258
 0.31465423703853568
 0.31447399671569359
 0.3142897076478664
 0.31410135411329759
 0.31390892011586941
 0.31371238938923945
 0.31351174540026211
 0.3133069713640324
 0.31309805024015791
 0.31288496474497657
 0.31266769735850808
 0.31244623033596902
 0.31222054570915275
 0.31199062530763411
 0.31175645075217973
 0.31151800348567993
 0.31127526476847744
 0.31102821569888511
 0.31077683722696969
 0.31052111016558298
 0.3102610152081704
 0.30999653294126334
 0.30972764387068197
 0.30945432843287168
 0.30917656701849727
 0.30889433999374871
 0.30860762772272182
 0.30831641059831261
 0.30802066906172965
 0.30772038363538906
 0.30741553496235902
 0.30710610382450981
 0.30679207119416924
 0.30647341826699653
 0.30615012650975998
 0.30582217770265735
 0.30548955399615435
 0.30515223796388935
 0.30481021265606845
 0.30446346168318322
 0.30411196926692236
 0.30375572033518039
 0.30339470059903384
 0.3030288966452972
 0.30265829604948047
 0.30228288747332233
 0.30190266086564838
 0.30150887333942622
 0.32775524395933292
 0.33298427436763905
 0.33267906375151002
 0.33238293198512858
 0.3320887026038008
 0.33179640335232996
 0.3315060588635983
 0.33121769092569714
 0.33093131867242148
 0.33064695874118866
 0.33036462542597778
 0.33008433082876348
 0.32980608497802233
 0.32952989597590127
 0.32925577008955409
 0.32898371187210679
 0.32871372426584455
 0.32844580869161055
 0.3281799651371905
 0.32791619224050417
 0.32765448737096736
 0.32739484669981611
 0.32713726526904857
 0.3268817370514826
 0.32662825501912562
 0.32637681119671891
 0.32612739671355001
 0.32588000185720972
 0.32563461611858324
 0.32539122824056355
 0.32514982625729127
 0.32491039753653506
 0.32467292881818977
 0.32443740624666495
 0.32420381540766408
 0.32397214136781849
 0.32374236868633116
 0.32351448146592832
 0.32328846336288358
 0.32306429762580607
 0.32284196711297569
 0.32262145431699163
 0.32240274138695785
 0.32218581014905168
 0.32197064213409132
 0.32175721858716261
 0.321545520482167
 0.3213355285511767
 0.32112722329509374
 0.320920584996013
 0.32071559373557029
 0.32051222940253954
 0.32031047171891958
 0.32011030023223297
 0.31991169434980937
 0.31971463333077188
 0.31951909630255593
 0.31932506228160801
 0.31913251016657257
 0.31894141874917092
 0.31875176673497102
 0.31856353273930826
 0.31837669529515206
 0.31819123286347406
 0.31800712384212815
 0.31782434656283848
 0.31764287930515295
 0.31746270030042589
 0.31728378772629429
 0.31710611972731251
 0.31692967440573028
 0.3167544298317243
 0.31658036404738016
 0.31640745506284701
 0.31623568086980053
 0.31606501943466092
 0.31589544870242531
 0.31572694660491035
 0.3155594910571784
 0.31539305995463973
 0.315227631187042
 0.31506318262472072
 0.31489969213550567
 0.3147371375677806
 0.31457549676502622
 0.31441474755882198
 0.31425486777019812
 0.31409583521317413
 0.31393762768698003
 0.31378022298191527
 0.31362359887654923
 0.31346773313787168
 0.31331260351710383
 0.31315818775412563
 0.31300446356821138
 0.31285140866706107
 0.31269900073629969
 0.3125472174404223
 0.31239603642264135
 0.31224543530229454
 0.31209539167300104
 0.31194588309849131
 0.31179688710969339
 0.3116483812085955
 0.31150034286136835
 0.31135274949197322
 0.31120557848605834
 0.31105880718418194
 0.3109124128809736
 0.31076637282112551
 0.31062066419152073
 0.31047526413438187
 0.31033014971876083
 0.31018528629508207
 0.31029023023490027
 0.31019256135419015
 0.31005001107247249
 0.30990764659684805
 0.30976544245940452
 0.30962337528704603
 0.30948142161847514
 0.30933955788925771
 0.3091977604428171
 0.30905600551410917
 0.3089142692348868
 0.30877252762260016
 0.30863075657451361
 0.30848893186892795
 0.30834702915862094
 0.30820502396040872
 0.30806289165537815
 0.30792060748461403
 0.30777814654020269
 0.30762804019089196
 0.32719135329527416
 0.3269539441711074
 0.32671960373059716
 0.32648573332113667
 0.3262522979564384
 0.32601926220535721
 0.32578659039196206
 0.32555424660035664
 0.32532219467627671
 0.3250903982392655
 0.32485882069162553
 0.32462742520808363
 0.32439617474940535
 0.32416503206665814
 0.32393395968416783
 0.32370291991560746
 0.32347187485396517
 0.32324078638007891
 0.32300961614607415
 0.32277832558225844
 0.32254687588745401
 0.32231522802751478
 0.32208334273010053
 0.32185118047935601
 0.32161870150776101
 0.32138586579535205
 0.32115263305272368
 0.32091896272598602
 0.32068481397914206
 0.32045014569094649
 0.3202149164516534
 0.3199790845395496
 0.31974260792882181
 0.31950544426778593
 0.31926755087678343
 0.31902888473489893
 0.31878940247049981
 0.3185490603518854
 0.31830781427287069
 0.31806561974943659
 0.31782243189895965
 0.31757820543505094
 0.31733289465706549
 0.31708645342822062
 0.31683883517575473
 0.31658999287047612
 0.31633987902146199
 0.31608844564954863
 0.31583564428860816
 0.31558142596347155
 0.31532574118085749
 0.31506853990846512
 0.31480977157251999
 0.31454938503012297
 0.31428732856316677
 0.31402354985985031
 0.31375799600215787
 0.31349061344802304
 0.31322134801406104
 0.31295014486407302
 0.31267694848829236
 0.31240170269254369
 0.31212435057434418
 0.31184483451396
 0.31156309614486005
 0.31127907635672619
 0.31099271525152278
 0.31070395214879715
 0.31041272555252686
 0.31011897314104886
 0.30982263174297697
 0.30952363731717197
 0.30922192494341366
 0.30891742879064993
 0.30861008210094232
 0.30829981717359184
 0.30798656533864482
 0.30767025694578842
 0.30735082132756492
 0.3070281867898435
 0.30670228059023585
 0.30637302891250678
 0.30604035684738307
 0.30570418836564905
 0.30536444629742576
 0.30502105231504534
 0.30467392690010597
 0.30432298932998952
 0.30396815764634544
 0.3036093486322029
 0.30324647779749286
 0.30287945934035915
 0.30250820612857077
 0.30213262968180932
 0.30175264013372094
 0.30136814621725266
 0.30097905523308283
 0.30058527302599264
 0.30018670395898123
 0.29978325089115943
 0.2993748151407411
 0.29896129647286057
 0.29854259306178343
 0.29811860147061975
 0.29768921662613362
 0.29725433178593019
 0.29681383851934184
 0.29636762667768884
 0.29591558436813747
 0.2954575979301643
 0.29499355190889404
 0.29452332902986422
 0.29404681017649786
 0.29356387436545511
 0.29307439872433078
 0.29257825847000218
 0.29207532688784354
 0.29156547531359478
 0.29104857311544607
 0.29052449197316815
 0.28996471837222698
 0.70576176102968979
 0.67520859665631072
 0.65726452792406487
 0.64553759517381659
 0.63761870267528464
 0.63204537143978645
 0.62791337073530706
 0.62466095212308759
 0.62194200918508868
 0.61954791860321368
 0.61735771295275232
 0.6153056473895957
 0.61335990205376389
 0.61150862210002321
 0.6097508722563062
 0.60809090144371625
 0.60653462946970416
 0.60508760934023953
 0.60375395186497294
 0.60253586137237203
 0.60143354486861877
 0.60044533634051456
 0.5995679330007051
 0.59879667808437953
 0.59812585036665511
 0.59754893754610605
 0.59705888164781984
 0.59664829154109611
 0.59630962188796843
 0.59603532023111916
 0.59581794518775433
 0.59565025923497839
 0.59552529965385403
 0.59543643103081323
 0.59537738242715466
 0.59534227195833145
 0.59532562118642807
 0.59532236134967786
 0.59532783314140725
 0.59533778146123639
 0.59534834628003208
 0.59535605055260798
 0.59535778590629485
 0.59535079668034541
 0.59533266277267261
 0.59530128165850227
 0.59525484990005895
 0.59519184445934936
 0.59511100412566531
 0.59501131140843488
 0.59489197526582349
 0.59475241504136689
 0.59459224592618476
 0.59441126614006778
 0.59420944583637791
 0.59398691746743237
 0.59374396712590327
 0.59348102615906617
 0.59319866235465335
 0.59289757012903399
 0.5925785594946118
 0.59224254402872956
 0.59189052849265966
 0.59152359706422741
 0.59114290325465624
 0.59074966247621274
 0.59034514797336113
 0.58993069049492952
 0.58950768173958201
 0.58907758132388732
 0.58864192680893324
 0.58820234617489886
 0.58776057204605825
 0.58731845692465279
 0.58687798867057961
 0.58644130544908113
 0.58601070937366773
 0.58558867807711334
 0.58517787345053285
 0.58478114682761984
 0.58440153990704469
 0.58404228076553844
 0.58370677434218554
 0.58339858683063406
 0.58312142344309004
 0.58287909903503987
 0.58267550111002031
 0.58251454472975084
 0.58240011889876531
 0.58233602403851059
 0.58232590027074493
 0.58237314638415705
 0.58248082960284675
 0.58265158662159378
 0.58288751687799523
 0.58319006971377163
 0.58355992801077283
 0.58399689214381167
 0.58449976974249362
 0.58506627894818886
 0.58569297567925804
 0.58637521908508672
 0.58710719403958089
 0.58788201537812201
 0.58869194585122941
 0.58952876840572355
 0.59038436325063437
 0.59125155015305142
 0.59212526383177788
 0.59300412864905505
 0.59389247303392423
 0.59480274039457814
 0.59575803547249007
 0.59679401997363168
 0.59795813892455185
 0.59930127656075427
 0.60085013072470339
 0.60253222851580579
 0.60398542338945749
 0.60408439071205966
 0.59977436888525038
 0.58434421652141244
 0.58957471746570578
 0.45923988407979871
 0.18688121496379159
 0


