# Created by Octave 5.2.0, Fri Sep 04 02:05:18 2020 CEST <tkanas@tkanas>
# name: p
# type: matrix
# rows: 651
# columns: 1
 0.089819058022842027
 0.087554525499012117
 0.087554525499012117
 0.087554525499012117
 0.087554525499012117
 0.087554525499012117
 0.081292896190851172
 0.081292896190851172
 0.081292896190851172
 0.081292896190851172
 0.081292896190851172
 0.081292896190851172
 0.081292896190851172
 0.081292896190851172
 0.081292896190851172
 0.081292896190851172
 0.081292896190851172
 0.087554525499012117
 0.087554525499012117
 0.14125554876238999
 0.1435200812862199
 0.1435200812862199
 0.1435200812862199
 0.1435200812862199
 0.1435200812862199
 0
 0
 0
 0
 0
 0
 0
 0
 0
 0
 0
 0
 0
 0
 0
 0
 0
 0
 0
 0
 0
 0
 0
 0
 0
 0
 0
 0
 0
 0
 0
 0
 0
 0
 0
 0
 0
 0
 0
 0
 0
 0
 0
 0
 0
 0
 0
 0
 0
 0
 0
 0
 0
 0
 0
 0
 0
 0
 0
 0
 0
 0
 0
 0
 0
 0
 0
 0
 0
 0
 0
 0
 0
 0
 0
 0
 0
 0
 0
 0
 0
 0
 0
 0
 0
 0
 0
 0
 0
 0
 0
 0
 0
 0
 0
 0
 0
 0
 0
 0
 0
 0
 0
 0
 0
 0
 0
 0
 0
 0
 0
 0
 0
 0
 0
 0
 0
 0
 0
 0
 0
 0
 0
 0
 0
 0
 0
 0
 0
 0
 0
 0
 0
 0
 0
 0
 0
 0
 0
 0
 0
 0
 0
 0
 0
 0
 0
 0
 0
 0
 0
 0
 0
 0
 0
 0
 0
 0
 0
 0
 0
 0
 0
 0
 0
 0
 0
 0
 0
 0
 0
 0
 0
 0
 0
 0
 0
 0.075430225262692177
 0.075430225262692177
 0.075430225262692177
 0.075430225262692177
 0.075430225262692177
 0
 0
 0
 0
 0
 0
 0
 0
 0
 0
 0
 0
 0
 0
 0
 0
 0
 0
 0
 0
 0
 0
 0
 0
 0
 0
 0
 0
 0
 0
 0
 0
 0
 0
 0
 0
 0
 0
 0
 0
 0
 0
 0
 0
 0
 0
 0
 0
 0
 0
 0
 0
 0
 0
 0
 0
 0
 0
 0
 0
 0
 0
 0
 0
 0
 0
 0
 0
 0
 0
 0
 0
 0
 0
 0
 0
 0
 0
 0
 0
 0
 0
 0
 0
 0
 0
 0
 0
 0
 0
 0
 0
 0
 0
 0
 0
 0
 0
 0
 0
 0
 0
 0
 0
 0
 0
 0
 0
 0
 0
 0
 0
 0
 0
 0
 0
 0
 0
 0
 0
 0
 0
 0
 0
 0
 0
 0
 0
 0
 0
 0
 0
 0
 0
 0
 0
 0
 0
 0
 0
 0
 0
 0
 0
 0
 0
 0
 0
 0
 0
 0
 0
 0
 0
 0
 0
 0
 0
 0
 0
 0
 0
 0
 0
 0
 0
 0
 0
 0
 0
 0
 0
 0
 0
 0
 0
 0
 0
 0
 0
 0
 0
 0
 0
 0
 0
 0
 0
 0
 0
 0
 0
 0
 0
 0
 0
 0
 0
 0
 0
 0
 0
 0
 0
 0
 0
 0
 0
 0
 0
 0
 0
 0
 0
 0
 0
 0
 0
 0
 0
 0
 0
 0
 0
 0
 0
 0
 0
 0
 0
 0
 0
 0
 0
 0
 0
 0
 0
 0
 0
 0
 0
 0
 0
 0
 0
 0
 0
 0
 0
 0
 0
 0
 0
 0
 0
 0
 0
 0
 0
 0
 0
 0
 0
 0
 0
 0
 0
 0
 0
 0
 0
 0
 0
 0
 0
 0
 0
 0
 0
 0
 0
 0
 0
 0
 0
 0
 0
 0
 0
 0
 0
 0
 0
 0
 0
 0
 0
 0
 0
 0
 0
 0
 0
 0
 0
 0
 0
 0
 0
 0
 0
 0
 0
 0
 0
 0
 0
 0.72195726482576028
 0.72195726482576028
 0.72195726482576028
 0.72195726482576028
 0.72195726482576028
 0.72195726482576028
 0.72195726482576028
 0.72195726482576028
 0.72195726482576028
 0.72195726482576028
 0.72195726482576028
 0.72195726482576028
 0.72195726482576028
 0.72195726482576028
 0.72195726482576028
 0.72195726482576028
 0.72195726482576028
 0.72195726482576028
 0.71078285003116948
 0.71078285003116948
 0.71078285003116948
 0.70684389582240903
 0.70472766077309335
 0.70472766077309335
 0.70452122072300849
 0.70452122072300838
 0.65082019745963071
 0.65082019745963071
 0.066895349536474968
 0.64855566493580086
 0.64855566493580086
 0.64855566493580086
 0.64855566493580086
 0.64855566493580086
 0.64855566493580086
 0.64855566493580086
 0.64855566493580086
 0.64855566493580086
 0.64855566493580086
 0.64855566493580086
 0.64855566493580086
 0.65082019745963071
 0.65082019745963071
 0.65082019745963071
 0.65082019745963071
 0.65082019745963071
 0.65082019745963071
 0.61414020644760325
 0.58605438373853835
 0.58696334537153128
 0.58696334537153128
 0.58696334537153128
 0.58696334537153128
 0.58655438686699524
 0.59578014173549299
 0.59578014173549299
 0.59578014173549299
 0.59578014173549299
 0.59578014173549299
 0.59557370168540824
 0.59016428303382695
 0.59032436958822043
 0.58970468424093059
 0.58485590606203586
 0.57853026944633956
 0.57843718353954043
 0.57843718353954043
 0.57843718353954043
 0.57843718353954043
 0.57843718353954043
 0.57843718353954043
 0.57843718353954043
 0.57843718353954043
 0.57843718353954043
 0.57843718353954043
 0.57843718353954043
 0.57843718353954043
 0.57843718353954043
 0.57843718353954043
 0.57843718353954043
 0.57843718353954043
 0.63434195191938303
 0.65117805585990152
 0.6812962955759253
 0.72195726482576028
 0.72195726482576028
 0.72195726482576028
 0.72195726482576028
 0.71315618025562499
 0.69390260804587534
 0.69010464203592004
 0.69010464203592004
 0.69010464203592004
 0.69010464203592004
 0.69010464203592004
 0.69010464203592004
 0.69010464203592004
 0.69010464203592004
 0.68909396918682575
 0.68909396918682575
 0.68909396918682575
 0.11065678564728527
 0.11133226125739698
 0.13296385986181414
 0.1435200812862199
 0.1435200812862199
 0.14352008128621987
 0.14125554876238999
 0.14125554876238999
 0.14125554876238994
 0.13398324660513475
 0.13398324660513475
 0.080282223341756873
 0.080282223341756873
 0.080282223341756873
 0.080282223341756873
 0.080282223341756873
 0.080282223341756873
 0.080282223341756873
 0.079262836598436234
 0.079262836598436234
 0.065884676687380656
 0.065884676687380656
 0.072146305995541629
 0
 0


