# Created by Octave 5.2.0, Fri Sep 04 00:23:24 2020 CEST <tkanas@tkanas>
# name: p
# type: matrix
# rows: 651
# columns: 1
 0.1510785564802036
 0.14763673167612251
 0.15036797055725265
 0.15087194170982313
 0.15417642181711799
 0.1526612518913566
 0.1539215944676684
 0.15540331703807123
 0.15706785293192338
 0.15887278955878778
 0.16077593411776819
 0.1627377860953014
 0.16472278293014528
 0.1666997479921617
 0.16864188541476621
 0.1705265666758401
 0.17233507338685841
 0.17405236340543156
 0.17182084413458473
 0.17713785698423387
 0.1785464488821788
 0.17984077113392766
 0.18102691134656684
 0.18211888295654344
 0.18314309438430312
 0.041479742749038907
 0.041518142503802834
 0.041554692162784526
 0.041590735026775946
 0.041626270364144936
 0.041661297669860438
 0.041695816541131324
 0.041729826667062909
 0.041763327818912746
 0.041796319841356872
 0.041828802644113275
 0.041860776194305324
 0.041892240509320354
 0.041923195650446499
 0.041953641716513924
 0.041983578838540522
 0.042013007174220802
 0.042041926903228749
 0.042070338222642396
 0.042098241342619365
 0.042125636482645425
 0.0421525238676414
 0.042178903724690062
 0.042204776279785292
 0.042230141754758407
 0.042255000364432499
 0.042279352314120514
 0.042303197796897375
 0.042326536991355079
 0.042349370059415935
 0.042371697144012392
 0.042393518367347574
 0.042414833828731624
 0.042435643602861672
 0.042455947738109422
 0.042475746254811743
 0.042495039143670747
 0.042513826364233454
 0.042532107843378332
 0.042549883473963802
 0.042567153113242343
 0.042583916581821181
 0.04260017366207549
 0.042615924097090183
 0.042631167589281739
 0.042645903799223187
 0.042660132344483973
 0.042673852798459325
 0.042687064689250938
 0.042699767498469342
 0.04271196066024923
 0.04272364356000246
 0.042734815533496187
 0.04274547586561106
 0.042755623789455383
 0.042765258485227699
 0.042774379079157321
 0.042782984642518292
 0.042791074190512479
 0.042798646681396067
 0.042805701015268219
 0.04281223603313325
 0.042818250515912808
 0.042823743183344469
 0.04282871269302501
 0.042833157639366008
 0.042837076552502733
 0.04284046789734048
 0.042843330072570046
 0.042845661409418499
 0.042847460170880321
 0.042848724550466184
 0.042849452671261688
 0.042849642584864074
 0.042849292270197979
 0.042848399632636189
 0.042846962502769342
 0.042844978635438839
 0.042842445708529867
 0.042839361322003444
 0.042835722996651004
 0.042831528173020966
 0.042826774210408466
 0.042821458385524314
 0.042815577891487065
 0.042809129836661942
 0.042802111243371688
 0.042794519046840319
 0.042786350093988734
 0.042777601142148396
 0.042768268857912482
 0.042758349815892563
 0.042747840497545195
 0.042736737289723381
 0.042725036483655297
 0.04271273427345218
 0.042699826754944444
 0.042686309924373285
 0.042672179676887877
 0.042657431805456121
 0.04264206199936367
 0.042626065842827396
 0.042609438813650945
 0.042592176281962081
 0.042574273508390999
 0.042555725643146157
 0.042536527724239354
 0.042516674675966239
 0.042496161307759947
 0.042474982312374322
 0.042453132264498074
 0.042430605619184311
 0.042407396710304537
 0.042383499749108218
 0.042358908822399441
 0.042333617891144169
 0.042307620788836799
 0.04228091121979078
 0.04225348275750538
 0.042225328843143818
 0.042196442783684202
 0.042166817750463575
 0.042136446777217548
 0.042105322758679641
 0.042073438448703246
 0.042040786458547287
 0.042007359255310579
 0.041973149160055373
 0.04193814834626234
 0.041902348838035737
 0.041865742508391479
 0.041828321077658812
 0.04179007611181397
 0.041750999020736708
 0.041711081056825292
 0.041670313313206163
 0.041628686722354459
 0.041586192054480303
 0.041542819916358775
 0.041498560749811168
 0.041453404830451644
 0.041407342266685396
 0.041360362998587086
 0.041312456797022369
 0.041263613262910274
 0.041213821826824634
 0.041163071748370313
 0.041111352116318806
 0.041058651848672148
 0.041004959693209796
 0.04095026422817924
 0.040894553863678594
 0.040837816843273561
 0.040780041246118358
 0.040721214993129133
 0.040825959544997986
 0.083713272645418307
 0.083545344757707335
 0.083376765807752842
 0.083206206634963989
 0.083033651064206251
 0.082859082146300694
 0.082682482235781507
 0.082503833040183883
 0.082323115672433833
 0.082140310706461175
 0.081955398237130633
 0.081768357945057893
 0.081579169167450866
 0.081387810975283068
 0.081194262258340616
 0.080998501819457377
 0.080800508478527641
 0.080600261565165601
 0.080387904107547897
 0.48020352462708449
 0.47999197346475453
 0.4797933333946211
 0.47959771506730559
 0.47940507367268287
 0.47921536377670798
 0.47902853984617599
 0.47884455637577561
 0.47866336799749021
 0.47848492957391964
 0.47830919627673596
 0.478136123653642
 0.47796566768443571
 0.47779778482760721
 0.47763243205957345
 0.47746956690610903
 0.47730914746825309
 0.47715113244289709
 0.47699548113871287
 0.47684215348819209
 0.47669111005632203
 0.47654231204625969
 0.47639572130258961
 0.47625130031224144
 0.47610901220342905
 0.4759688207436556
 0.47583069033554154
 0.4756945860118259
 0.47556047342944296
 0.4754283188626432
 0.47529808919568961
 0.47516975191468791
 0.47504327509887773
 0.47491862741214835
 0.47479577809324541
 0.47467469694696751
 0.47455535433393708
 0.47443772116144067
 0.47432176887318295
 0.47420746943979547
 0.4740947953484464
 0.47398371959380958
 0.47387421566751203
 0.47376625754875445
 0.4736598196947982
 0.47355487703106036
 0.4734514049421451
 0.47334937926226744
 0.47324877626609901
 0.47314957265983021
 0.4730517455721252
 0.47295527254561681
 0.47286013152815115
 0.47276630086436705
 0.47267375928761307
 0.47258248591156821
 0.47249246022243185
 0.47240366207111317
 0.47231607166560446
 0.47222966956309942
 0.47214443666373135
 0.47206035420209563
 0.47197740374093783
 0.47189556716428582
 0.47181482667031455
 0.47173516476518856
 0.47165656425654212
 0.47157900824693932
 0.47150248012778867
 0.47142696357339642
 0.47135244253527581
 0.47127890123590888
 0.47120632416331848
 0.47113469606565395
 0.47106400194578524
 0.47099422705581551
 0.47092535689209103
 0.47085737719028503
 0.47079027392005091
 0.47072403328064949
 0.47065864169597277
 0.4705940858098534
 0.47053035248183206
 0.47046742878267378
 0.47040530198978475
 0.47034395958311603
 0.47028338924145996
 0.47022357883762184
 0.47016451643503171
 0.47010619028381834
 0.47004858881685074
 0.46999170064604545
 0.46993551455899757
 0.46988001951517239
 0.46982520464227184
 0.46977105923342893
 0.46971757274335729
 0.46966473478518539
 0.46961253512741669
 0.46956096369099465
 0.46951001054557778
 0.46945966590728205
 0.46940992013526472
 0.469360763728983
 0.46931218732565133
 0.46926418169714851
 0.46921673774737077
 0.46916984650958454
 0.46912349914415835
 0.46907768693562019
 0.46903240129025647
 0.46898763373423519
 0.4689433759097702
 0.46889961957462195
 0.46885635659837283
 0.46881357896111286
 0.46877127875049607
 0.46872944816005824
 0.46868807948707841
 0.46864716513015986
 0.46860669758745505
 0.46856666945473746
 0.46852707342313188
 0.46848790227735182
 0.46844914889385364
 0.46841080623884046
 0.46837286736659545
 0.46833532541765716
 0.46829817361703086
 0.46826140527222149
 0.46822501377195869
 0.46818899258412605
 0.46815333525460601
 0.46811803540504909
 0.4680830867318248
 0.46804848300431134
 0.46801421806308169
 0.46798028581872669
 0.46794668025045955
 0.46791339540425908
 0.46788042539173447
 0.46784776438874948
 0.46781540663376586
 0.46778334642662706
 0.46775157812747509
 0.46772009615489679
 0.46768889498535082
 0.46765796915097774
 0.4676273132390843
 0.46759692189064145
 0.46756678979886496
 0.46753691170858319
 0.46750728241434197
 0.46747789675963536
 0.46744874963584448
 0.46741983598071757
 0.46739115077766452
 0.46736268905438133
 0.46733444588179318
 0.46730641637307457
 0.46727859568258867
 0.46725097900476575
 0.46722356157297223
 0.46719633865877891
 0.46716930557047198
 0.46714245765297946
 0.46711579028572237
 0.46708929888232847
 0.46706297888958437
 0.46703682578660261
 0.46701083508335672
 0.46698500232030316
 0.46695932306739152
 0.46693379292288623
 0.46690840751258517
 0.46688316248901279
 0.46685805353054599
 0.46683307634041771
 0.466808226645962
 0.46678350019759562
 0.46675889276824067
 0.46673440015216777
 0.46671001816444285
 0.46668574263992241
 0.46666156943249665
 0.46663749441417868
 0.46661351347465396
 0.46658962251976399
 0.46656581747163034
 0.46654209426712362
 0.46651844885729332
 0.46649487720676358
 0.46647137529286026
 0.46644793910467969
 0.46642456464260174
 0.46640124791709636
 0.46637798494875826
 0.46635477176658535
 0.46633160440788074
 0.4663084789170488
 0.46628539134571106
 0.4662623377507904
 0.46623931419456999
 0.46621631674412933
 0.46619334146858021
 0.46617038444249165
 0.46614744174110745
 0.46612450944078099
 0.46610158362000781
 0.46607866035605888
 0.46605573572648384
 0.466032805806529
 0.46600986666996286
 0.4659869143872577
 0.46596394502571681
 0.46594095464818924
 0.46591793931258235
 0.46589489507056819
 0.46587181796817495
 0.46584870404377904
 0.46582554932788178
 0.46580234984252111
 0.46577910160035396
 0.46575580060391664
 0.46573244284504517
 0.4657090243040734
 0.46568554094903614
 0.46566198873505749
 0.46563836360346267
 0.46561466148137376
 0.46559087828073931
 0.46556700989730981
 0.46554305221046594
 0.4655190010822009
 0.46549485235639781
 0.46547060185801298
 0.46544624539235618
 0.46542177874440943
 0.46539719767818843
 0.46537249793535368
 0.46534767523566362
 0.46532272527455021
 0.46529764372414784
 0.46527242623084253
 0.46524706841586161
 0.46522156587365904
 0.46519591417121381
 0.46517010884750165
 0.46514414541287008
 0.46511801934733343
 0.46509172610090599
 0.46506526109184348
 0.46503861970668914
 0.46501179729852632
 0.46498478918678982
 0.46495759065611836
 0.46493019695579085
 0.46490260329865002
 0.46487480486009952
 0.46484679677765683
 0.46481857414962618
 0.464790132034748
 0.46476146545071734
 0.46473256937357027
 0.46470343873686731
 0.46467406843063613
 0.46464445330055121
 0.46461458814655127
 0.46458446772308426
 0.46455408673616394
 0.46452343984452504
 0.46449252165736682
 0.46446132673349649
 0.46442984958080269
 0.46439808465473548
 0.46436602635764268
 0.46433366903740114
 0.46430100698664767
 0.46426803444156944
 0.46423474558069433
 0.46420113452400485
 0.46416719533176665
 0.46413292200308837
 0.46409830847528821
 0.46406334862198284
 0.46402803625267791
 0.46399236511085512
 0.46395632887292937
 0.46391992114703234
 0.46388313547159427
 0.46384596531385169
 0.4638084040686683
 0.46377044505682546
 0.46373208152356277
 0.46369330663713115
 0.46365411348710683
 0.46361449508267066
 0.4635744443508733
 0.46353395413486476
 0.46349301719193442
 0.46345162619149011
 0.46340977371302378
 0.46336745224402676
 0.46332465417741081
 0.46328137180927426
 0.46323759733621217
 0.46319332285273657
 0.46314854034813169
 0.4631032417035007
 0.46305741868844391
 0.46301106295760353
 0.46296416604662444
 0.4629167193684115
 0.46286871420840286
 0.46282014172011166
 0.46277099292007906
 0.46272125868203234
 0.46267092973123103
 0.4626199966379031
 0.46256844980993372
 0.46251627948602669
 0.46246347572613333
 0.46241002840335499
 0.46235592730336328
 0.46229752562323118
 0.61308518904287201
 0.60704776866077881
 0.60403992719100119
 0.60179643698959961
 0.60007997068857954
 0.59873767850642667
 0.59766757264402071
 0.59679975778328698
 0.59608531899485673
 0.59548943883194938
 0.59498697513756826
 0.5945595355398251
 0.59419349713297309
 0.59387864203119722
 0.59360720452470273
 0.59337319882681872
 0.59317194096279746
 0.59299970641160893
 0.59285348335986088
 0.59273079361739489
 0.59262956158514057
 0.59254801746929242
 0.59248462501754318
 0.59243802694687864
 0.59240700327751272
 0.59239043923304147
 0.59238730036820031
 0.59239661328765436
 0.59241745078598851
 0.59244892055189968
 0.5924901567925468
 0.59254031426289322
 0.5925985642766175
 0.59266409233419248
 0.59273609704944186
 0.59281379008994017
 0.59289639687867079
 0.59298315783594602
 0.59307332996826179
 0.59316618864245441
 0.59326102940704395
 0.59335716975593722
 0.5934539507466744
 0.59355073841705142
 0.59364692495281679
 0.59374192958879501
 0.59383519922908956
 0.59392620879311719
 0.59401446129729496
 0.59409948769401499
 0.59418084649628544
 0.59425812321327798
 0.59433092963187828
 0.59439890297895248
 0.59446170499147433
 0.59451902092889253
 0.59457055855565721
 0.59461604711350913
 0.59465523630629602
 0.59468789530681443
 0.59471381179329963
 0.59473279101379029
 0.59474465486887995
 0.59474924099477422
 0.59474640182022964
 0.59473600356152456
 0.59471792510900434
 0.59469205675271541
 0.59465829868101039
 0.59461655918253242
 0.5945667524660645
 0.59450879601641471
 0.59444260738426613
 0.5943681003134601
 0.59428518009693643
 0.5941937380517831
 0.59409364500107686
 0.5939847436444522
 0.59386683970413578
 0.5937396917277088
 0.59360299943098427
 0.59345639046487131
 0.59329940549018745
 0.59313148144444094
 0.59295193288334036
 0.59275993130748661
 0.59255448336186456
 0.59233441893980598
 0.59209833115905475
 0.59184398947861916
 0.59156864904565287
 0.59127075566708642
 0.59101161184745399
 0.59188234772388693
 0.5926732696866247
 0.59222876162970606
 0.59154301177467794
 0.59091743780285322
 0.59069867633856721
 0.59232572583074916
 0.59189929337431557
 0.59182536993498591
 0.59180855334594229
 0.59176030929101708
 0.59164148197395483
 0.59287835151156743
 0.59279646343513337
 0.59090467318688666
 0.59334788042593967
 0.59131287778253283
 0.58923214752759301
 0.59444552826234764
 0.59172742305631687
 0.58908032089861795
 0.59379303434838471
 0.59196795430155014
 0.59079816196163282
 0.59094670165136132
 0.58626296700301306
 0.58153947938659356
 0.57654429378769911
 0.57053303665380006
 0.56101451163074267
 0.5393916514920003
 0.4711932171433677
 0.40000000000000002


